0	2679376.5
0.00400000018998981	2733502.5
0.00800000037997961	2708702.75
0.0120000001043081	2627107.75
0.0160000007599592	2514309.5
0.0199999995529652	2348447
0.0240000002086163	2106432.75
0.0280000008642673	1721698.375
0.0320000015199184	1281496.25
0.0359999984502792	828329.4375
0.0399999991059303	513026.40625
0.0439999997615814	302615.25
0.0480000004172325	186539.171875
0.0520000010728836	115653.890625
0.0560000017285347	74610.28125
0.0599999986588955	53001.47265625
0.0640000030398369	41910.82421875
0.068000003695488	37732.27734375
0.0719999969005585	36334.953125
0.0759999975562096	36576.9453125
0.0799999982118607	37304.1953125
0.0839999988675117	38418.3671875
0.0879999995231628	39819.05859375
0.0920000001788139	41713.4921875
0.096000000834465	43903.31640625
0.100000001490116	45820.59765625
0.104000002145767	47896.43359375
0.108000002801418	49851.359375
0.112000003457069	52117.34375
0.11599999666214	53930.1015625
0.119999997317791	55419.953125
0.123999997973442	57733.3125
0.128000006079674	59572
0.131999999284744	61061.10546875
0.136000007390976	63464.15234375
0.140000000596046	65726.9375
0.143999993801117	66334.4921875
0.148000001907349	69979.7421875
0.151999995112419	71012.2734375
0.156000003218651	73707.609375
0.159999996423721	75848.484375
0.164000004529953	78311.65625
0.167999997735023	79359.21875
0.172000005841255	81910.671875
0.175999999046326	84536.6875
0.180000007152557	86349.5078125
0.184000000357628	88333.5234375
0.187999993562698	90083.21875
0.19200000166893	92445.109375
0.195999994874001	93759.6953125
0.200000002980232	95992
0.203999996185303	98342.3125
0.208000004291534	99706.125
0.211999997496605	101621.1015625
0.216000005602837	103912.71875
0.219999998807907	105654.4375
0.224000006914139	108250.078125
0.228000000119209	109795.8828125
0.23199999332428	112703.6484375
0.236000001430511	113944.8828125
0.239999994635582	115924.4296875
0.244000002741814	117906.1171875
0.247999995946884	118783.296875
0.252000004053116	121671.1484375
0.256000012159348	122562.28125
0.259999990463257	126282.4765625
0.263999998569489	126842.0703125
0.26800000667572	129292.9296875
0.272000014781952	130690.7265625
0.275999993085861	132941.25
0.280000001192093	135131.28125
0.284000009298325	137580.296875
0.287999987602234	139727.78125
0.291999995708466	140636.390625
0.296000003814697	142821.703125
0.300000011920929	144681.6875
0.303999990224838	147092.625
0.30799999833107	147857.3125
0.312000006437302	150550.09375
0.316000014543533	151705.640625
0.319999992847443	154143.84375
0.324000000953674	155133.953125
0.328000009059906	157566.015625
0.331999987363815	159614.1875
0.335999995470047	162372.84375
0.340000003576279	163383.46875
0.34400001168251	167109.578125
0.34799998998642	167302.984375
0.351999998092651	169911.4375
0.356000006198883	170509.921875
0.360000014305115	173395.75
0.363999992609024	175367.609375
0.368000000715256	175826.6875
0.372000008821487	178963.53125
0.375999987125397	180475.359375
0.379999995231628	181689.109375
0.38400000333786	184228.09375
0.388000011444092	185662.265625
0.391999989748001	187476.234375
0.395999997854233	188515.125
0.400000005960464	191498.09375
0.404000014066696	193217.859375
0.407999992370605	195067.625
0.412000000476837	195740.171875
0.416000008583069	197090.21875
0.419999986886978	199239.46875
0.42399999499321	200717.3125
0.428000003099442	201628.28125
0.432000011205673	203639.96875
0.435999989509583	204832.21875
0.439999997615814	208565.8125
0.444000005722046	209405.625
0.448000013828278	210262.640625
0.451999992132187	212536.265625
0.456000000238419	214362.34375
0.46000000834465	214785.984375
0.46399998664856	216320.140625
0.467999994754791	217857.203125
0.472000002861023	219200.34375
0.476000010967255	220705.046875
0.479999989271164	220842.8125
0.483999997377396	222741.609375
0.488000005483627	224477.78125
0.492000013589859	225727.546875
0.495999991893768	227375.515625
0.5	228859.296875
0.504000008106232	229583.5625
0.508000016212463	230768.640625
0.512000024318695	231610.65625
0.515999972820282	233786.953125
0.519999980926514	234118.4375
0.523999989032745	235266.75
0.527999997138977	236320.828125
0.532000005245209	236181.90625
0.53600001335144	237307.921875
0.540000021457672	237261.046875
0.544000029563904	238122.765625
0.547999978065491	239008.328125
0.551999986171722	240262.578125
0.555999994277954	241718.9375
0.560000002384186	242204.6875
0.564000010490417	242954.296875
0.568000018596649	242326.875
0.572000026702881	242994.015625
0.575999975204468	243348.171875
0.579999983310699	243414.890625
0.583999991416931	242331.515625
0.587999999523163	241776.0625
0.592000007629395	241047.65625
0.596000015735626	240073.359375
0.600000023841858	240214.375
0.603999972343445	239486.90625
0.607999980449677	239128.640625
0.611999988555908	236891.59375
0.61599999666214	236198.875
0.620000004768372	234633.828125
0.624000012874603	232030.390625
0.628000020980835	228232.9375
0.632000029087067	227638.90625
0.635999977588654	225634.5625
0.639999985694885	221475.546875
0.643999993801117	218619.65625
0.648000001907349	213329.96875
0.65200001001358	210141.390625
0.656000018119812	205764.125
0.660000026226044	201790.65625
0.663999974727631	196089.375
0.667999982833862	191422.15625
0.671999990940094	186776.984375
0.675999999046326	180047.125
0.680000007152557	175167.515625
0.684000015258789	168657.53125
0.688000023365021	162332.890625
0.691999971866608	156175.1875
0.695999979972839	149080.5625
0.699999988079071	142350.21875
0.703999996185303	135999.875
0.708000004291534	128455.25
0.712000012397766	121090.5625
0.716000020503998	114385.953125
0.720000028610229	107436.21875
0.723999977111816	101016.5
0.727999985218048	95536.9765625
0.73199999332428	88686.78125
0.736000001430511	82224.046875
0.740000009536743	76933.421875
0.744000017642975	70739.0078125
0.748000025749207	65911.5
0.751999974250793	62220.1171875
0.755999982357025	57071.74609375
0.759999990463257	53392.63671875
0.763999998569489	49847.2421875
0.76800000667572	46657.58203125
0.772000014781952	44132.8046875
0.776000022888184	41441.9453125
0.779999971389771	39625.2109375
0.783999979496002	37906.3984375
0.787999987602234	36160.9453125
0.791999995708466	34987.89453125
0.796000003814697	33750.3671875
0.800000011920929	33397.16015625
0.804000020027161	32153.78515625
0.808000028133392	32012.119140625
0.811999976634979	31486.904296875
0.815999984741211	31306.9921875
0.819999992847443	31268.53515625
0.824000000953674	30844.53125
0.828000009059906	30881.353515625
0.832000017166138	30511.578125
0.836000025272369	30737.431640625
0.839999973773956	30266.5234375
0.843999981880188	30313.79296875
0.84799998998642	29949.359375
0.851999998092651	29933.681640625
0.856000006198883	29452.759765625
0.860000014305115	29596.822265625
0.864000022411346	28728.7734375
0.867999970912933	28374.99609375
0.871999979019165	28220.15234375
0.875999987125397	27716.380859375
0.879999995231628	27064.9453125
0.88400000333786	27020.07421875
0.888000011444092	26223.443359375
0.892000019550323	25411.0078125
0.896000027656555	24644.98046875
0.899999976158142	24272.904296875
0.903999984264374	23491.2265625
0.907999992370605	22639.517578125
0.912000000476837	21921.921875
0.916000008583069	21098.66015625
0.920000016689301	20721.578125
0.924000024795532	19693.23828125
0.927999973297119	18902.3046875
0.931999981403351	18223.341796875
0.935999989509583	17645.912109375
0.939999997615814	16979.5234375
0.944000005722046	16033.0634765625
0.948000013828278	15322.091796875
0.952000021934509	14407.1513671875
0.955999970436096	14031.4990234375
0.959999978542328	13513.4619140625
0.96399998664856	12709.6611328125
0.967999994754791	11982.5478515625
0.972000002861023	11769.8515625
0.976000010967255	11178.947265625
0.980000019073486	10496.515625
0.984000027179718	10112.7333984375
0.987999975681305	9900.0595703125
0.991999983787537	9332.412109375
0.995999991893768	9067.3720703125
1	8739.751953125
1.00399994850159	8647.791015625
1.00800001621246	8064.73486328125
1.01199996471405	8094.80712890625
1.01600003242493	7677.5439453125
1.01999998092651	7572.3154296875
1.02400004863739	7346.96142578125
1.02799999713898	7186.5322265625
1.03199994564056	7232.7353515625
1.03600001335144	7214.34814453125
1.03999996185303	7264.7314453125
1.0440000295639	7056.63232421875
1.04799997806549	7324.3017578125
1.05200004577637	7034.33203125
1.05599999427795	6959.62646484375
1.05999994277954	7005.47705078125
1.06400001049042	7117.42041015625
1.067999958992	7229.51806640625
1.07200002670288	7135.72412109375
1.07599997520447	7217.85888671875
1.08000004291534	7168.080078125
1.08399999141693	7363.20947265625
1.08800005912781	7424.3310546875
1.09200000762939	7408.68017578125
1.09599995613098	7265.12548828125
1.10000002384186	7422.65234375
1.10399997234344	7484.203125
1.10800004005432	7558.109375
1.11199998855591	7607.689453125
1.11600005626678	7653.10693359375
1.12000000476837	7682.09326171875
1.12399995326996	7690.00634765625
1.12800002098083	7407.56494140625
1.13199996948242	7441.28076171875
1.1360000371933	7468.5
1.13999998569489	7505.49560546875
1.14400005340576	7115.95556640625
1.14800000190735	7337.5244140625
1.15199995040894	7299.13671875
1.15600001811981	7028.19482421875
1.1599999666214	6966.4697265625
1.16400003433228	6975.0576171875
1.16799998283386	6619.64501953125
1.17200005054474	6586.67578125
1.17599999904633	6481.97216796875
1.17999994754791	6465.49267578125
1.18400001525879	6152.17529296875
1.18799996376038	6272.7041015625
1.19200003147125	6049.1337890625
1.19599997997284	5772.9140625
1.20000004768372	5520.552734375
1.2039999961853	5570.884765625
1.20799994468689	5376.248046875
1.21200001239777	5042.22314453125
1.21599996089935	5023.81494140625
1.22000002861023	4759.39892578125
1.22399997711182	4724.05908203125
1.22800004482269	4552.61865234375
1.23199999332428	4332.4111328125
1.23599994182587	4132.99560546875
1.24000000953674	4143.6533203125
1.24399995803833	3961.857421875
1.24800002574921	3686.17138671875
1.25199997425079	3560.234375
1.25600004196167	3518.95629882813
1.25999999046326	3306.34545898438
1.26400005817413	3305.60473632813
1.26800000667572	3069.75268554688
1.27199995517731	3002.87084960938
1.27600002288818	3002.44482421875
1.27999997138977	2875.267578125
1.28400003910065	2687.48901367188
1.28799998760223	2767.4794921875
1.29200005531311	2531.61791992188
1.2960000038147	2558.83447265625
1.29999995231628	2350.4189453125
1.30400002002716	2334.21850585938
1.30799996852875	2359.27978515625
1.31200003623962	2253.37744140625
1.31599998474121	2170.93432617188
1.32000005245209	2233.27026367188
1.32400000095367	2140.12451171875
1.32799994945526	2099.11791992188
1.33200001716614	2127.29345703125
1.33599996566772	2075.3544921875
1.3400000333786	2077.0458984375
1.34399998188019	1955.51330566406
1.34800004959106	2069.44287109375
1.35199999809265	2039.04113769531
1.35599994659424	2207.01586914063
1.36000001430511	2088.78125
1.3639999628067	2188.53198242188
1.36800003051758	2145.16259765625
1.37199997901917	2195.03247070313
1.37600004673004	2036.78503417969
1.37999999523163	2312.75659179688
1.38399994373322	2359.82421875
1.38800001144409	2279.25610351563
1.39199995994568	2262.44946289063
1.39600002765656	2300.65673828125
1.39999997615814	2415.06030273438
1.40400004386902	2409.82763671875
1.40799999237061	2363.84887695313
1.41199994087219	2310.03149414063
1.41600000858307	2397.83618164063
1.41999995708466	2334.13232421875
1.42400002479553	2490.97412109375
1.42799997329712	2427.3701171875
1.432000041008	2462.53833007813
1.43599998950958	2429.38671875
1.44000005722046	2340.41918945313
1.44400000572205	2415.68920898438
1.44799995422363	2475.25903320313
1.45200002193451	2320.68701171875
1.4559999704361	2451.79077148438
1.46000003814697	2473.35668945313
1.46399998664856	2317.07885742188
1.46800005435944	2344.32885742188
1.47200000286102	2333.00244140625
1.47599995136261	2356.94677734375
1.48000001907349	2329.36694335938
1.48399996757507	2232.04150390625
1.48800003528595	2260.71533203125
1.49199998378754	2181.62719726563
1.49600005149841	2218.6865234375
1.5	2218.43798828125
1.50399994850159	1998.37121582031
1.50800001621246	2037.51159667969
1.51199996471405	1965.05346679688
1.51600003242493	1954.15283203125
1.51999998092651	2012.68896484375
1.52400004863739	1891.40954589844
1.52799999713898	1851.7236328125
1.53199994564056	1916.99853515625
1.53600001335144	1735.92529296875
1.53999996185303	1652.77587890625
1.5440000295639	1615.16149902344
1.54799997806549	1622.23791503906
1.55200004577637	1516.08544921875
1.55599999427795	1471.94104003906
1.55999994277954	1404.90942382813
1.56400001049042	1411.99975585938
1.567999958992	1327.36865234375
1.57200002670288	1304.98608398438
1.57599997520447	1259.15197753906
1.58000004291534	1261.78918457031
1.58399999141693	1167.92895507813
1.58800005912781	1142.57727050781
1.59200000762939	1056.47790527344
1.59599995613098	1062.74548339844
1.60000002384186	1135.51184082031
1.60399997234344	982.204711914063
1.60800004005432	985.534851074219
1.61199998855591	866.712463378906
1.61600005626678	910.332641601563
1.62000000476837	872.990905761719
1.62399995326996	850.544250488281
1.62800002098083	779.569091796875
1.63199996948242	879.211608886719
1.6360000371933	709.22802734375
1.63999998569489	730.868835449219
1.64400005340576	689.2294921875
1.64800000190735	727.324401855469
1.65199995040894	647.582946777344
1.65600001811981	732.416870117188
1.6599999666214	698.735473632813
1.66400003433228	775.151794433594
1.66799998283386	765.690490722656
1.67200005054474	725.483947753906
1.67599999904633	797.643310546875
1.67999994754791	714.687194824219
1.68400001525879	799.435791015625
1.68799996376038	715.128967285156
1.69200003147125	706.333435058594
1.69599997997284	761.345397949219
1.70000004768372	746.378479003906
1.7039999961853	732.952453613281
1.70799994468689	797.763427734375
1.71200001239777	755.957946777344
1.71599996089935	829.871948242188
1.72000002861023	834.801330566406
1.72399997711182	874.237060546875
1.72800004482269	778.909362792969
1.73199999332428	778.033569335938
1.73599994182587	835.211608886719
1.74000000953674	820.556762695313
1.74399995803833	867.375915527344
1.74800002574921	880.388305664063
1.75199997425079	808.829772949219
1.75600004196167	923.072631835938
1.75999999046326	857.77294921875
1.76400005817413	933.763305664063
1.76800000667572	883.735778808594
1.77199995517731	929.205749511719
1.77600002288818	903.857543945313
1.77999997138977	856.071960449219
1.78400003910065	964.53857421875
1.78799998760223	893.211791992188
1.79200005531311	915.359924316406
1.7960000038147	977.556762695313
1.79999995231628	879.465515136719
1.80400002002716	870.304138183594
1.80799996852875	879.801818847656
1.81200003623962	921.339538574219
1.81599998474121	865.768737792969
1.82000005245209	849.242126464844
1.82400000095367	849.852233886719
1.82799994945526	889.94921875
1.83200001716614	777.696044921875
1.83599996566772	882.574951171875
1.8400000333786	845.545043945313
1.84399998188019	807.372680664063
1.84800004959106	828.216613769531
1.85199999809265	796.247802734375
1.85599994659424	697.349609375
1.86000001430511	654.996398925781
1.8639999628067	716.904602050781
1.86800003051758	712.059753417969
1.87199997901917	729.136169433594
1.87600004673004	678.037292480469
1.87999999523163	614.72802734375
1.88399994373322	686.282287597656
1.88800001144409	601.798217773438
1.89199995994568	571.236450195313
1.89600002765656	580.733215332031
1.89999997615814	539.601501464844
1.90400004386902	530.299621582031
1.90799999237061	500.649047851563
1.91199994087219	515.53271484375
1.91600000858307	384.005981445313
1.91999995708466	401.096130371094
1.92400002479553	415.454345703125
1.92799997329712	433.094329833984
1.932000041008	423.885803222656
1.93599998950958	390.313262939453
1.94000005722046	346.978729248047
1.94400000572205	361.611145019531
1.94799995422363	316.219421386719
1.95200002193451	290.978851318359
1.9559999704361	347.232116699219
1.96000003814697	307.466064453125
1.96399998664856	338.029113769531
1.96800005435944	309.297607421875
1.97200000286102	267.828002929688
1.97599995136261	262.641357421875
1.98000001907349	293.092864990234
1.98399996757507	272.821868896484
1.98800003528595	265.076934814453
1.99199998378754	262.119842529297
1.99600005149841	232.026092529297
2	304.909729003906
2.00399994850159	222.776290893555
2.00799989700317	291.818084716797
2.01200008392334	293.459808349609
2.01600003242493	267.245056152344
2.01999998092651	286.886688232422
2.0239999294281	230.461776733398
2.02800011634827	275.630493164063
2.03200006484985	255.44482421875
2.03600001335144	259.080963134766
2.03999996185303	234.908645629883
2.04399991035461	276.416015625
2.04800009727478	266.473602294922
2.05200004577637	285.615600585938
2.05599999427795	229.169967651367
2.05999994277954	296.573303222656
2.06399989128113	313.770294189453
2.06800007820129	327.384490966797
2.07200002670288	307.168670654297
2.07599997520447	320.932769775391
2.07999992370605	311.765014648438
2.08400011062622	286.533630371094
2.08800005912781	320.763336181641
2.09200000762939	315.803649902344
2.09599995613098	369.348571777344
2.09999990463257	320.76171875
2.10400009155273	285.450622558594
2.10800004005432	308.175170898438
2.11199998855591	359.51904296875
2.1159999370575	354.428009033203
2.11999988555908	312.305023193359
2.12400007247925	362.988128662109
2.12800002098083	357.462127685547
2.13199996948242	350.913726806641
2.13599991798401	356.274932861328
2.14000010490417	369.729187011719
2.14400005340576	350.994537353516
2.14800000190735	324.113067626953
2.15199995040894	397.219635009766
2.15599989891052	338.704742431641
2.16000008583069	335.129699707031
2.16400003433228	349.735931396484
2.16799998283386	336.926208496094
2.17199993133545	329.758605957031
2.17600011825562	349.728851318359
2.1800000667572	344.419219970703
2.18400001525879	298.545776367188
2.18799996376038	331.029571533203
2.19199991226196	339.902130126953
2.19600009918213	295.527893066406
2.20000004768372	340.995513916016
2.2039999961853	293.261596679688
2.20799994468689	301.259063720703
2.21199989318848	249.863433837891
2.21600008010864	272.694702148438
2.22000002861023	299.136657714844
2.22399997711182	287.660614013672
2.2279999256134	273.226196289063
2.23200011253357	197.671661376953
2.23600006103516	257.504699707031
2.24000000953674	231.247024536133
2.24399995803833	225.429733276367
2.24799990653992	246.7236328125
2.25200009346008	171.051788330078
2.25600004196167	254.355346679688
2.25999999046326	198.445816040039
2.26399993896484	193.969009399414
2.26799988746643	177.944549560547
2.2720000743866	166.765014648438
2.27600002288818	193.46418762207
2.27999997138977	163.68473815918
2.28399991989136	157.970947265625
2.28800010681152	176.99609375
2.29200005531311	173.994552612305
2.2960000038147	151.85693359375
2.29999995231628	128.642349243164
2.30399990081787	148.736190795898
2.30800008773804	115.650001525879
2.31200003623962	138.518249511719
2.31599998474121	125.143333435059
2.3199999332428	137.236694335938
2.32399988174438	83.3989715576172
2.32800006866455	93.0253524780273
2.33200001716614	88.4887847900391
2.33599996566772	98.4536666870117
2.33999991416931	123.68350982666
2.34400010108948	86.4140777587891
2.34800004959106	120.503326416016
2.35199999809265	96.7949981689453
2.35599994659424	103.540161132813
2.35999989509583	65.3830108642578
2.36400008201599	106.901054382324
2.36800003051758	82.019401550293
2.37199997901917	97.3844451904297
2.37599992752075	85.3821716308594
2.38000011444092	109.979156494141
2.3840000629425	100.02906036377
2.38800001144409	98.6960601806641
2.39199995994568	82.3932723999023
2.39599990844727	118.706321716309
2.40000009536743	73.8523712158203
2.40400004386902	125.415687561035
2.40799999237061	116.685470581055
2.41199994087219	85.5094451904297
2.41599988937378	142.302932739258
2.42000007629395	120.797134399414
2.42400002479553	139.592315673828
2.42799997329712	119.141868591309
2.43199992179871	134.11181640625
2.43600010871887	113.568901062012
2.44000005722046	98.9130096435547
2.44400000572205	155.116729736328
2.44799995422363	145.638427734375
2.45199990272522	117.696662902832
2.45600008964539	125.290794372559
2.46000003814697	121.529655456543
2.46399998664856	130.493286132813
2.46799993515015	124.929557800293
2.47199988365173	133.826675415039
2.4760000705719	137.935394287109
2.48000001907349	108.244529724121
2.48399996757507	126.689208984375
2.48799991607666	161.949996948242
2.49200010299683	171.250732421875
2.49600005149841	123.615325927734
2.5	130.435882568359
2.50399994850159	117.004737854004
2.50799989700317	132.38850402832
2.51200008392334	138.815475463867
2.51600003242493	140.931777954102
2.51999998092651	144.565536499023
2.5239999294281	128.033874511719
2.52800011634827	130.338409423828
2.53200006484985	154.016494750977
2.53600001335144	129.948028564453
2.53999996185303	160.66455078125
2.54399991035461	139.186965942383
2.54800009727478	128.857696533203
2.55200004577637	146.113800048828
2.55599999427795	103.66056060791
2.55999994277954	125.182189941406
2.56399989128113	122.087120056152
2.56800007820129	140.343658447266
2.57200002670288	118.70002746582
2.57599997520447	95.6623992919922
2.57999992370605	89.9973907470703
2.58400011062622	98.6205291748047
2.58800005912781	100.516891479492
2.59200000762939	90.6722412109375
2.59599995613098	105.645942687988
2.59999990463257	91.6844024658203
2.60400009155273	103.315528869629
2.60800004005432	113.78874206543
2.61199998855591	98.6333236694336
2.6159999370575	73.4424362182617
2.61999988555908	69.0212707519531
2.62400007247925	73.9679870605469
2.62800002098083	82.0012741088867
2.63199996948242	75.7704696655273
2.63599991798401	71.81640625
2.64000010490417	56.7046813964844
2.64400005340576	55.3160362243652
2.64800000190735	73.6912231445313
2.65199995040894	61.8385429382324
2.65599989891052	51.7322463989258
2.66000008583069	41.7074317932129
2.66400003433228	28.2609043121338
2.66799998283386	60.2895164489746
2.67199993133545	38.7561531066895
2.67600011825562	36.9228363037109
2.6800000667572	50.0977439880371
2.68400001525879	41.628532409668
2.68799996376038	58.3868789672852
2.69199991226196	28.3765468597412
2.69600009918213	33.3648529052734
2.70000004768372	35.2604064941406
2.7039999961853	33.4510116577148
2.70799994468689	45.1081581115723
2.71199989318848	45.1037368774414
2.71600008010864	36.7661743164063
2.72000002861023	43.6390419006348
2.72399997711182	28.4072723388672
2.7279999256134	25.1896438598633
2.73200011253357	38.4393005371094
2.73600006103516	31.7441082000732
2.74000000953674	28.4016666412354
2.74399995803833	30.1054000854492
2.74799990653992	43.5424880981445
2.75200009346008	35.1103515625
2.75600004196167	40.1166648864746
2.75999999046326	35.1097564697266
2.76399993896484	38.764030456543
2.76799988746643	43.676887512207
2.7720000743866	41.9648666381836
2.77600002288818	38.7630958557129
2.77999997138977	55.1173400878906
2.78399991989136	53.7617988586426
2.78800010681152	50.1235542297363
2.79200005531311	30.1973094940186
2.7960000038147	39.9467086791992
2.79999995231628	45.4090423583984
2.80399990081787	39.9618606567383
2.80800008773804	65.1844482421875
2.81200003623962	60.6440734863281
2.81599998474121	60.5121803283691
2.8199999332428	70.1362075805664
2.82399988174438	50.3621482849121
2.82800006866455	58.8704109191895
2.83200001716614	48.2412452697754
2.83599996566772	45.4144439697266
2.83999991416931	72.3366394042969
2.84400010108948	46.3791007995605
2.84800004959106	62.1217422485352
2.85199999809265	53.6752700805664
2.85599994659424	81.3619842529297
2.85999989509583	50.0644302368164
2.86400008201599	74.1293869018555
2.86800003051758	54.8223114013672
2.87199997901917	68.3454437255859
2.87599992752075	67.1741714477539
2.88000011444092	71.5791931152344
2.8840000629425	56.7947845458984
2.88800001144409	55.1349258422852
2.89199995994568	70.2477035522461
2.89599990844727	56.7358131408691
2.90000009536743	62.1498947143555
2.90400004386902	60.5981636047363
2.90799999237061	56.6429443359375
2.91199994087219	53.4920043945313
2.91599988937378	75.1025238037109
2.92000007629395	51.9015998840332
2.92400002479553	68.3651123046875
2.92799997329712	44.8131866455078
2.93199992179871	55.7073707580566
2.93600010871887	63.5551643371582
2.94000005722046	56.9174194335938
2.94400000572205	48.2681770324707
2.94799995422363	28.1274318695068
2.95199990272522	46.6505317687988
2.95600008964539	41.8944625854492
2.96000003814697	40.1493873596191
2.96399998664856	21.7289485931396
2.96799993515015	23.3083419799805
2.97199988365173	30.1763534545898
2.9760000705719	31.9428405761719
2.98000001907349	37.2380867004395
2.98399996757507	25.1772518157959
2.98799991607666	35.5276412963867
2.99200010299683	26.9029293060303
2.99600005149841	33.5605087280273
3	21.6558609008789
3.00399994850159	24.9957408905029
3.00799989700317	28.5678386688232
3.01200008392334	16.8816719055176
3.01600003242493	22.0057029724121
3.01999998092651	16.4468173980713
3.0239999294281	20.2500133514404
3.02800011634827	16.70068359375
3.03200006484985	16.6719398498535
3.03600001335144	10.1553945541382
3.03999996185303	13.4254741668701
3.04399991035461	25.3106937408447
3.04800009727478	15.040696144104
3.05200004577637	16.8940048217773
3.05599999427795	14.9374799728394
3.05999994277954	22.13254737854
3.06399989128113	20.0625267028809
3.06800007820129	16.5995845794678
3.07200002670288	9.96888446807861
3.07599997520447	8.33498001098633
3.07999992370605	25.1636524200439
3.08400011062622	11.6062002182007
3.08800005912781	15.0189752578735
3.09200000762939	6.73378467559814
3.09599995613098	18.6077766418457
3.09999990463257	4.95742321014404
3.10400009155273	9.95980167388916
3.10800004005432	4.93745565414429
3.11199998855591	13.4880542755127
3.1159999370575	13.6920909881592
3.11999988555908	8.45201778411865
3.12400007247925	6.60202789306641
3.12800002098083	11.6762142181396
3.13199996948242	6.78835487365723
3.13599991798401	16.790355682373
3.14000010490417	20.2915382385254
3.14400005340576	16.6403369903564
3.14800000190735	21.8943252563477
3.15199995040894	15.2783088684082
3.15599989891052	10.0531663894653
3.16000008583069	11.7989902496338
3.16400003433228	25.393985748291
3.16799998283386	25.4613838195801
3.17199993133545	21.5440769195557
3.17600011825562	20.2196598052979
3.1800000667572	20.1916351318359
3.18400001525879	28.3902206420898
3.18799996376038	23.4015617370605
3.19199991226196	28.423677444458
3.19600009918213	30.1985168457031
3.20000004768372	36.7463836669922
3.2039999961853	23.5677394866943
3.20799994468689	21.6958770751953
3.21199989318848	30.1808204650879
3.21600008010864	13.3878631591797
3.22000002861023	26.6409702301025
3.22399997711182	33.3983688354492
3.2279999256134	28.474983215332
3.23200011253357	26.9339694976807
3.23600006103516	26.6044578552246
3.24000000953674	16.8103485107422
3.24399995803833	33.217098236084
3.24799990653992	33.4643096923828
3.25200009346008	35.3523445129395
3.25600004196167	31.7762908935547
3.25999999046326	26.6106090545654
3.26399993896484	36.7114486694336
3.26799988746643	23.2544326782227
3.2720000743866	24.9135627746582
3.27600002288818	21.893159866333
3.27999997138977	23.4434261322021
3.28399991989136	28.6637344360352
3.28800010681152	18.581672668457
3.29200005531311	28.3123302459717
3.2960000038147	23.6835384368896
3.29999995231628	25.0794067382813
3.30399990081787	24.8525466918945
3.30800008773804	16.8087940216064
3.31200003623962	21.837381362915
3.31599998474121	16.5927200317383
3.3199999332428	15.4048414230347
3.32399988174438	16.8077125549316
3.32800006866455	16.9289207458496
3.33200001716614	23.5974292755127
3.33599996566772	16.9045486450195
3.33999991416931	10.1599779129028
3.34400010108948	11.682765007019
3.34800004959106	26.7859840393066
3.35199999809265	23.2946243286133
3.35599994659424	16.5870456695557
3.35999989509583	13.4207792282104
3.36400008201599	15.177375793457
3.36800003051758	18.252347946167
3.37199997901917	10.2596569061279
3.37599992752075	9.90540504455566
3.38000011444092	6.6692328453064
3.3840000629425	5.04846906661987
3.38800001144409	8.42707443237305
3.39199995994568	8.49945449829102
3.39599990844727	9.91290950775146
3.40000009536743	11.5699405670166
3.40400004386902	8.33977031707764
3.40799999237061	3.33546090126038
3.41199994087219	9.9385404586792
3.41599988937378	13.293478012085
3.42000007629395	4.97909116744995
3.42400002479553	11.8147869110107
3.42799997329712	8.31389427185059
3.43199992179871	8.40213394165039
3.43600010871887	13.7014245986938
3.44000005722046	3.3263533115387
3.44400000572205	8.44281959533691
3.44799995422363	8.29436302185059
3.45199990272522	1.66690587997437
3.45600008964539	1.65382838249207
3.46000003814697	3.29415655136108
3.46399998664856	5.07113361358643
3.46799993515015	5.00495338439941
3.47199988365173	6.67443132400513
3.4760000705719	3.26106071472168
3.48000001907349	4.93262815475464
3.48399996757507	4.94234466552734
3.48799991607666	5.00831270217896
3.49200010299683	0
3.49600005149841	6.68181896209717
3.5	3.31214833259583
3.50399994850159	8.50332546234131
3.50799989700317	1.60152781009674
3.51200008392334	3.31375455856323
3.51600003242493	5.06835603713989
3.51999998092651	11.5981359481812
3.5239999294281	8.43410110473633
3.52800011634827	6.78362607955933
3.53200006484985	13.4546642303467
3.53600001335144	13.2804365158081
3.53999996185303	11.6357097625732
3.54399991035461	14.9899940490723
3.54800009727478	13.3317613601685
3.55200004577637	9.92252635955811
3.55599999427795	11.6721973419189
3.55999994277954	9.89423751831055
3.56399989128113	13.3708686828613
3.56800007820129	19.8561897277832
3.57200002670288	11.6288003921509
3.57599997520447	13.3837747573853
3.57999992370605	15.0576181411743
3.58400011062622	11.8454523086548
3.58800005912781	15.0813894271851
3.59200000762939	8.346510887146
3.59599995613098	8.4051342010498
3.59999990463257	14.7949810028076
3.60400009155273	20.2037677764893
3.60800004005432	16.7643089294434
3.61199998855591	20.1939754486084
3.6159999370575	8.38435459136963
3.61999988555908	10.1601028442383
3.62400007247925	13.4498071670532
3.62800002098083	13.3203382492065
3.63199996948242	13.4753160476685
3.63599991798401	16.7059154510498
3.64000010490417	15.1256799697876
3.64400005340576	16.9571952819824
3.64800000190735	8.42391872406006
3.65199995040894	8.26918315887451
3.65599989891052	20.3046588897705
3.66000008583069	11.8684406280518
3.66400003433228	16.5864715576172
3.66799998283386	18.2601051330566
3.67199993133545	11.7392578125
3.67600011825562	9.94543552398682
3.6800000667572	6.68989086151123
3.68400001525879	20.0210418701172
3.68799996376038	13.4828109741211
3.69199991226196	10.1177682876587
3.69600009918213	11.7370862960815
3.70000004768372	13.4080533981323
3.7039999961853	13.4319133758545
3.70799994468689	10.0174770355225
3.71199989318848	5.01314687728882
3.71600008010864	8.2808895111084
3.72000002861023	5.06460523605347
3.72399997711182	8.46038341522217
3.7279999256134	6.65907764434814
3.73200011253357	5.09272289276123
3.73600006103516	3.34498453140259
3.74000000953674	8.3872594833374
3.74399995803833	4.96163272857666
3.74799990653992	6.77517795562744
3.75200009346008	8.540846824646
3.75600004196167	6.69241046905518
3.75999999046326	1.65691709518433
3.76399993896484	6.72955274581909
3.76799988746643	1.66872763633728
3.7720000743866	6.75764894485474
3.77600002288818	0
3.77999997138977	3.32417488098145
3.78399991989136	4.98437166213989
3.78800010681152	1.68740093708038
3.79200005531311	0
3.7960000038147	1.65359818935394
3.79999995231628	1.68533480167389
3.80399990081787	0
3.80800008773804	3.24464631080627
3.81200003623962	0
3.81599998474121	8.47450256347656
3.8199999332428	1.60723233222961
3.82399988174438	0
3.82800006866455	0
3.83200001716614	0
3.83599996566772	3.41583371162415
3.83999991416931	1.70946145057678
3.84400010108948	1.66690587997437
3.84800004959106	3.39906644821167
3.85199999809265	5.16161060333252
3.85599994659424	1.66392195224762
3.85999989509583	1.66872763633728
3.86400008201599	4.9927134513855
3.86800003051758	1.66290330886841
3.87199997901917	3.30346179008484
3.87599992752075	4.97727632522583
3.88000011444092	4.92557239532471
3.8840000629425	5.03400564193726
3.88800001144409	6.70972108840942
3.89199995994568	3.25975346565247
3.89599990844727	3.34447145462036
3.90000009536743	3.43096494674683
3.90400004386902	10.0522232055664
3.90799999237061	1.73914611339569
3.91199994087219	11.8248500823975
3.91599988937378	1.68464756011963
3.92000007629395	5.10431241989136
3.92400002479553	8.32633304595947
3.92799997329712	10.0611753463745
3.93199992179871	13.4181547164917
3.93600010871887	4.99858665466309
3.94000005722046	8.19823932647705
3.94400000572205	11.7013750076294
3.94799995422363	6.53845834732056
3.95199990272522	4.89380025863647
3.95600008964539	8.3420352935791
3.96000003814697	8.22701644897461
3.96399998664856	5.0024938583374
3.96799993515015	4.99008893966675
3.97199988365173	5.09887361526489
3.9760000705719	6.89180707931519
3.98000001907349	13.3855514526367
3.98399996757507	10.0516576766968
3.98799991607666	6.6201024055481
3.99200010299683	15.087854385376
3.99600005149841	9.90927028656006
4	5.09941005706787
4.00400018692017	3.34070205688477
4.00799989700317	5.05500411987305
4.01200008392334	4.89036178588867
4.01599979400635	10.1401014328003
4.01999998092651	13.5524244308472
4.02400016784668	3.29727411270142
4.02799987792969	3.38296961784363
4.03200006484985	3.25531721115112
4.03599977493286	9.83615589141846
4.03999996185303	8.3354606628418
4.04400014877319	6.65344476699829
4.0479998588562	6.75175762176514
4.05200004577637	6.69340848922729
4.05600023269653	11.6880178451538
4.05999994277954	13.2911405563354
4.06400012969971	11.7060127258301
4.06799983978271	5.06429386138916
4.07200002670288	6.69013166427612
4.07600021362305	1.65382838249207
4.07999992370605	3.42912006378174
4.08400011062622	3.34980654716492
4.08799982070923	1.6710764169693
4.09200000762939	3.28714752197266
4.09600019454956	1.68620979785919
4.09999990463257	3.28075790405273
4.10400009155273	1.68432259559631
4.10799980163574	8.38029098510742
4.11199998855591	1.63046860694885
4.11600017547607	6.86585426330566
4.11999988555908	3.44337105751038
4.12400007247925	3.37892818450928
4.12799978256226	1.69060528278351
4.13199996948242	3.29685091972351
4.13600015640259	3.34584069252014
4.1399998664856	6.66634035110474
4.14400005340576	0
4.14799976348877	3.25849556922913
4.15199995040894	4.93858957290649
4.1560001373291	1.68156778812408
4.15999984741211	1.66990303993225
4.16400003433228	3.29245615005493
4.16800022125244	0
4.17199993133545	0
4.17600011825562	1.66265404224396
4.17999982833862	0
4.18400001525879	0
4.18800020217896	1.61952567100525
4.19199991226196	3.45160889625549
4.19600009918213	0
4.19999980926514	0
4.2039999961853	0
4.20800018310547	1.60493874549866
4.21199989318848	1.60493874549866
4.21600008010864	0
4.21999979019165	0
4.22399997711182	1.76834428310394
4.22800016403198	1.58950901031494
4.23199987411499	1.72534966468811
4.23600006103516	0
4.23999977111816	8.13207054138184
4.24399995803833	1.68432259559631
4.2480001449585	1.67068302631378
4.2519998550415	3.28269171714783
4.25600004196167	1.72390222549438
4.26000022888184	0
4.26399993896484	3.40314555168152
4.26800012588501	8.44958400726318
4.27199983596802	3.3169572353363
4.27600002288818	6.80529689788818
4.28000020980835	3.29705476760864
4.28399991989136	6.63499164581299
4.28800010681152	5.03585910797119
4.29199981689453	1.63440084457397
4.2960000038147	3.38294553756714
