0	3211374.25
0.00400000018998981	3231880.5
0.00800000037997961	3152815.75
0.0120000001043081	2998295.5
0.0160000007599592	2849359.25
0.0199999995529652	2688101.5
0.0240000002086163	2435658
0.0280000008642673	2024614
0.0320000015199184	1499856.25
0.0359999984502792	975300.125
0.0399999991059303	602144.25
0.0439999997615814	369033.3125
0.0480000004172325	234662.296875
0.0520000010728836	156780.078125
0.0560000017285347	111614.921875
0.0599999986588955	86920.9140625
0.0640000030398369	74493.7734375
0.068000003695488	69421.859375
0.0719999969005585	69666.78125
0.0759999975562096	71380.40625
0.0799999982118607	74075.6640625
0.0839999988675117	76994.46875
0.0879999995231628	81254.984375
0.0920000001788139	84829.25
0.096000000834465	89219.6015625
0.100000001490116	91730.515625
0.104000002145767	96067.9375
0.108000002801418	99076.734375
0.112000003457069	103430.765625
0.11599999666214	107774.6171875
0.119999997317791	110729.515625
0.123999997973442	115146.109375
0.128000006079674	118706.2734375
0.131999999284744	123311.9375
0.136000007390976	126068.8515625
0.140000000596046	130605.9765625
0.143999993801117	133895.59375
0.148000001907349	138580.171875
0.151999995112419	141312.875
0.156000003218651	147583.4375
0.159999996423721	149137.265625
0.164000004529953	153311.46875
0.167999997735023	157499.109375
0.172000005841255	160941.609375
0.175999999046326	165101.0625
0.180000007152557	168336.78125
0.184000000357628	172613.046875
0.187999993562698	176057.734375
0.19200000166893	180451.6875
0.195999994874001	182606.015625
0.200000002980232	188373.828125
0.203999996185303	189799.171875
0.208000004291534	194434.5625
0.211999997496605	198171.4375
0.216000005602837	201956.59375
0.219999998807907	206360.5625
0.224000006914139	209843.359375
0.228000000119209	212791.203125
0.23199999332428	215513.046875
0.236000001430511	219714.421875
0.239999994635582	222551.28125
0.244000002741814	227216.328125
0.247999995946884	229551.828125
0.252000004053116	233593.25
0.256000012159348	236628.46875
0.259999990463257	240903.15625
0.263999998569489	243923.171875
0.26800000667572	247927.53125
0.272000014781952	251036.140625
0.275999993085861	255274.453125
0.280000001192093	258623.25
0.284000009298325	260175.8125
0.287999987602234	264523.6875
0.291999995708466	267208.46875
0.296000003814697	271831.25
0.300000011920929	273982.78125
0.303999990224838	277707.125
0.30799999833107	280430.28125
0.312000006437302	284112.4375
0.316000014543533	287116.0625
0.319999992847443	290962.03125
0.324000000953674	293306.40625
0.328000009059906	296944.25
0.331999987363815	300571.75
0.335999995470047	302634.3125
0.340000003576279	308774.4375
0.34400001168251	309733.40625
0.34799998998642	311913.75
0.351999998092651	315255.40625
0.356000006198883	319138.46875
0.360000014305115	319748.8125
0.363999992609024	325730.28125
0.368000000715256	325156.53125
0.372000008821487	331702.75
0.375999987125397	333857.5
0.379999995231628	336361.90625
0.38400000333786	339053.71875
0.388000011444092	342717.96875
0.391999989748001	344999.5
0.395999997854233	346368.40625
0.400000005960464	350756.65625
0.404000014066696	351409.875
0.407999992370605	356614.90625
0.412000000476837	357230.71875
0.416000008583069	361957.15625
0.419999986886978	364016.3125
0.42399999499321	368310.75
0.428000003099442	369921.625
0.432000011205673	374030.875
0.435999989509583	376033.75
0.439999997615814	378401.40625
0.444000005722046	380950.5625
0.448000013828278	384290.0625
0.451999992132187	384910.78125
0.456000000238419	387421.5625
0.46000000834465	392568.5625
0.46399998664856	390441.78125
0.467999994754791	397300.59375
0.472000002861023	396548.46875
0.476000010967255	401976.46875
0.479999989271164	402301.8125
0.483999997377396	404836.3125
0.488000005483627	407356.34375
0.492000013589859	409745.875
0.495999991893768	409850.9375
0.5	412855.96875
0.504000008106232	416820.5
0.508000016212463	418305.1875
0.512000024318695	421384.15625
0.515999972820282	420624.90625
0.519999980926514	425578.0625
0.523999989032745	423622.28125
0.527999997138977	428581.90625
0.532000005245209	427262.6875
0.53600001335144	432435.71875
0.540000021457672	432368.5
0.544000029563904	436368.5625
0.547999978065491	436175.5625
0.551999986171722	436692.25
0.555999994277954	440063.4375
0.560000002384186	440467.8125
0.564000010490417	441484.28125
0.568000018596649	443807.90625
0.572000026702881	444550.5625
0.575999975204468	443366.875
0.579999983310699	448002.96875
0.583999991416931	446999.90625
0.587999999523163	447828.96875
0.592000007629395	448300.25
0.596000015735626	450099.9375
0.600000023841858	449197.96875
0.603999972343445	451952.4375
0.607999980449677	453204.375
0.611999988555908	452177.4375
0.61599999666214	450812.125
0.620000004768372	450483.6875
0.624000012874603	450498.53125
0.628000020980835	447370.6875
0.632000029087067	447091.71875
0.635999977588654	444935.15625
0.639999985694885	441743.65625
0.643999993801117	437044.78125
0.648000001907349	436314.40625
0.65200001001358	432382.25
0.656000018119812	428229.875
0.660000026226044	420016.75
0.663999974727631	414386.15625
0.667999982833862	405412.3125
0.671999990940094	395145.0625
0.675999999046326	384709.5
0.680000007152557	373487.15625
0.684000015258789	359463.40625
0.688000023365021	341662.78125
0.691999971866608	325205.53125
0.695999979972839	306461.15625
0.699999988079071	287530.09375
0.703999996185303	266390.25
0.708000004291534	245342.34375
0.712000012397766	225438.796875
0.716000020503998	205753.84375
0.720000028610229	187310.046875
0.723999977111816	171873.921875
0.727999985218048	157170.34375
0.73199999332428	145949.203125
0.736000001430511	137874.265625
0.740000009536743	130863.6171875
0.744000017642975	125591.390625
0.748000025749207	120947.890625
0.751999974250793	118757.9921875
0.755999982357025	114994.3359375
0.759999990463257	111995.3359375
0.763999998569489	108291.7890625
0.76800000667572	104618.7109375
0.772000014781952	100223.40625
0.776000022888184	94920.15625
0.779999971389771	90211
0.783999979496002	83700.71875
0.787999987602234	78086.0390625
0.791999995708466	72012.40625
0.796000003814697	66473.1015625
0.800000011920929	60702.51953125
0.804000020027161	56069.77734375
0.808000028133392	51379.09765625
0.811999976634979	47473.94921875
0.815999984741211	43956.9375
0.819999992847443	41177.90234375
0.824000000953674	38943.1796875
0.828000009059906	37431.609375
0.832000017166138	36315.1015625
0.836000025272369	35957.01953125
0.839999973773956	35445.21875
0.843999981880188	35525.71875
0.84799998998642	35626.5859375
0.851999998092651	36778.62109375
0.856000006198883	36921.61328125
0.860000014305115	37798.16015625
0.864000022411346	37968.8984375
0.867999970912933	38092.98828125
0.871999979019165	38277.0859375
0.875999987125397	38221.90625
0.879999995231628	37740.90625
0.88400000333786	37637.22265625
0.888000011444092	36622.8828125
0.892000019550323	36097.76953125
0.896000027656555	34709.625
0.899999976158142	33682.859375
0.903999984264374	32072.603515625
0.907999992370605	30477.587890625
0.912000000476837	28666.197265625
0.916000008583069	27276.4453125
0.920000016689301	25131.662109375
0.924000024795532	23613.6875
0.927999973297119	21712.3984375
0.931999981403351	20595.8359375
0.935999989509583	18836.5546875
0.939999997615814	17458.158203125
0.944000005722046	16023.1298828125
0.948000013828278	14982.05078125
0.952000021934509	13849.9345703125
0.955999970436096	13178.3818359375
0.959999978542328	12205.2099609375
0.96399998664856	11897.6298828125
0.967999994754791	11575.9296875
0.972000002861023	11295.6787109375
0.976000010967255	11000.2822265625
0.980000019073486	11320.546875
0.984000027179718	11624.470703125
0.987999975681305	11690.48828125
0.991999983787537	11924.501953125
0.995999991893768	12431.4521484375
1	12573.591796875
1.00399994850159	13160.765625
1.00800001621246	13457.8876953125
1.01199996471405	13600.40234375
1.01600003242493	13838.0830078125
1.01999998092651	14108.943359375
1.02400004863739	14525.0947265625
1.02799999713898	14237.20703125
1.03199994564056	14509.1865234375
1.03600001335144	14509.931640625
1.03999996185303	14109.4462890625
1.0440000295639	14051.66796875
1.04799997806549	13855.8916015625
1.05200004577637	13449.2265625
1.05599999427795	13398.30859375
1.05999994277954	12839.333984375
1.06400001049042	12444.4169921875
1.067999958992	11748.744140625
1.07200002670288	11147.63671875
1.07599997520447	10347.2236328125
1.08000004291534	9844.2783203125
1.08399999141693	9281.505859375
1.08800005912781	8740.734375
1.09200000762939	8195.3203125
1.09599995613098	7438.0380859375
1.10000002384186	6956.04833984375
1.10399997234344	6368.666015625
1.10800004005432	5926.69189453125
1.11199998855591	5534.0712890625
1.11600005626678	5202.33642578125
1.12000000476837	4924.98095703125
1.12399995326996	4521.06591796875
1.12800002098083	4442.35205078125
1.13199996948242	4241.69580078125
1.1360000371933	4097.220703125
1.13999998569489	4140.29443359375
1.14400005340576	3986.09057617188
1.14800000190735	3765.505859375
1.15199995040894	4182.189453125
1.15600001811981	4210.94677734375
1.1599999666214	4390.62060546875
1.16400003433228	4441.048828125
1.16799998283386	4610.58251953125
1.17200005054474	4799.08203125
1.17599999904633	4849.82470703125
1.17999994754791	5014.27294921875
1.18400001525879	5160.12451171875
1.18799996376038	5535.6630859375
1.19200003147125	5502.3388671875
1.19599997997284	5487.8212890625
1.20000004768372	5645.2021484375
1.2039999961853	6042.83203125
1.20799994468689	5875.02685546875
1.21200001239777	6046.0068359375
1.21599996089935	5972.9736328125
1.22000002861023	5825.40869140625
1.22399997711182	5849.47705078125
1.22800004482269	5719.5576171875
1.23199999332428	5672.69921875
1.23599994182587	5356.61083984375
1.24000000953674	5282.47216796875
1.24399995803833	5264.4560546875
1.24800002574921	4911.3857421875
1.25199997425079	4669.1494140625
1.25600004196167	4419.498046875
1.25999999046326	4260.65380859375
1.26400005817413	3962.28955078125
1.26800000667572	3736.84765625
1.27199995517731	3620.03833007813
1.27600002288818	3334.935546875
1.27999997138977	3259.4482421875
1.28400003910065	2775.6142578125
1.28799998760223	2769.43212890625
1.29200005531311	2444.85668945313
1.2960000038147	2358.69091796875
1.29999995231628	2089.27807617188
1.30400002002716	1969.37927246094
1.30799996852875	1822.60925292969
1.31200003623962	1804.64636230469
1.31599998474121	1624.11694335938
1.32000005245209	1742.19177246094
1.32400000095367	1652.65234375
1.32799994945526	1507.33337402344
1.33200001716614	1604.93981933594
1.33599996566772	1603.71166992188
1.3400000333786	1580.06616210938
1.34399998188019	1690.001953125
1.34800004959106	1753.07678222656
1.35199999809265	1817.84790039063
1.35599994659424	1856.08666992188
1.36000001430511	1968.98803710938
1.3639999628067	2043.23083496094
1.36800003051758	2125.884765625
1.37199997901917	2161.07446289063
1.37600004673004	2341.11889648438
1.37999999523163	2252.408203125
1.38399994373322	2294.86499023438
1.38800001144409	2327.75244140625
1.39199995994568	2400.783203125
1.39600002765656	2476.03100585938
1.39999997615814	2441.06127929688
1.40400004386902	2433.64868164063
1.40799999237061	2633.24584960938
1.41199994087219	2579.81982421875
1.41600000858307	2548.02563476563
1.41999995708466	2441.35498046875
1.42400002479553	2524.51049804688
1.42799997329712	2423.32275390625
1.432000041008	2328.828125
1.43599998950958	2235.4013671875
1.44000005722046	2208.73608398438
1.44400000572205	2071.25634765625
1.44799995422363	1958.02368164063
1.45200002193451	1926.84423828125
1.4559999704361	1828.61633300781
1.46000003814697	1763.15222167969
1.46399998664856	1584.578125
1.46800005435944	1491.06176757813
1.47200000286102	1336.15124511719
1.47599995136261	1277.64123535156
1.48000001907349	1261.42016601563
1.48399996757507	1094.60864257813
1.48800003528595	1073.43273925781
1.49199998378754	1056.43395996094
1.49600005149841	922.377319335938
1.5	874.372253417969
1.50399994850159	730.702331542969
1.50800001621246	749.27587890625
1.51199996471405	714.221984863281
1.51600003242493	717.993347167969
1.51999998092651	684.503173828125
1.52400004863739	709.062866210938
1.52799999713898	668.187438964844
1.53199994564056	628.875854492188
1.53600001335144	704.988159179688
1.53999996185303	640.817199707031
1.5440000295639	705.638854980469
1.54799997806549	719.783508300781
1.55200004577637	795.71923828125
1.55599999427795	758.020263671875
1.55999994277954	787.971313476563
1.56400001049042	913.222534179688
1.567999958992	878.496704101563
1.57200002670288	911.210632324219
1.57599997520447	975.15673828125
1.58000004291534	1007.97894287109
1.58399999141693	967.000122070313
1.58800005912781	1012.94873046875
1.59200000762939	1030.16015625
1.59599995613098	1079.82495117188
1.60000002384186	1128.13659667969
1.60399997234344	1135.33435058594
1.60800004005432	1105.01135253906
1.61199998855591	1139.46508789063
1.61600005626678	1064.56201171875
1.62000000476837	1131.80932617188
1.62399995326996	1094.01489257813
1.62800002098083	1126.57214355469
1.63199996948242	1088.66198730469
1.6360000371933	1022.91644287109
1.63999998569489	1004.58435058594
1.64400005340576	946.970825195313
1.64800000190735	943.072326660156
1.65199995040894	888.129150390625
1.65600001811981	770.51904296875
1.6599999666214	785.0146484375
1.66400003433228	687.144653320313
1.66799998283386	699.89892578125
1.67200005054474	660.160034179688
1.67599999904633	607.120239257813
1.67999994754791	549.587829589844
1.68400001525879	541.614196777344
1.68799996376038	468.430419921875
1.69200003147125	484.939483642578
1.69599997997284	463.766265869141
1.70000004768372	422.914489746094
1.7039999961853	402.274658203125
1.70799994468689	331.805908203125
1.71200001239777	334.109161376953
1.71599996089935	323.71728515625
1.72000002861023	272.766174316406
1.72399997711182	335.17041015625
1.72800004482269	283.998321533203
1.73199999332428	294.208251953125
1.73599994182587	283.214172363281
1.74000000953674	247.304306030273
1.74399995803833	264.332214355469
1.74800002574921	282.360412597656
1.75199997425079	274.047241210938
1.75600004196167	294.831939697266
1.75999999046326	353.0419921875
1.76400005817413	350.923858642578
1.76800000667572	352.0908203125
1.77199995517731	406.183166503906
1.77600002288818	380.654449462891
1.77999997138977	433.078369140625
1.78400003910065	425.193756103516
1.78799998760223	455.175842285156
1.79200005531311	450.798492431641
1.7960000038147	507.288452148438
1.79999995231628	442.154632568359
1.80400002002716	488.986419677734
1.80799996852875	482.570343017578
1.81200003623962	449.180969238281
1.81599998474121	491.746215820313
1.82000005245209	485.789794921875
1.82400000095367	464.993286132813
1.82799994945526	509.158111572266
1.83200001716614	477.186889648438
1.83599996566772	517.860229492188
1.8400000333786	522.299011230469
1.84399998188019	456.438140869141
1.84800004959106	405.251312255859
1.85199999809265	447.663177490234
1.85599994659424	418.245452880859
1.86000001430511	397.132019042969
1.8639999628067	415.827178955078
1.86800003051758	365.646636962891
1.87199997901917	323.768280029297
1.87600004673004	317.206207275391
1.87999999523163	290.570526123047
1.88399994373322	331.928802490234
1.88800001144409	292.156127929688
1.89199995994568	274.013000488281
1.89600002765656	240.8203125
1.89999997615814	218.667907714844
1.90400004386902	179.368835449219
1.90799999237061	178.744979858398
1.91199994087219	175.32746887207
1.91600000858307	150.878875732422
1.91999995708466	142.131134033203
1.92400002479553	155.824920654297
1.92799997329712	145.772857666016
1.932000041008	107.025947570801
1.93599998950958	121.930564880371
1.94000005722046	143.549911499023
1.94400000572205	134.225555419922
1.94799995422363	156.70866394043
1.95200002193451	131.883850097656
1.9559999704361	122.665481567383
1.96000003814697	167.281326293945
1.96399998664856	198.612930297852
1.96800005435944	174.146148681641
1.97200000286102	159.900131225586
1.97599995136261	210.66633605957
1.98000001907349	217.667282104492
1.98399996757507	181.85090637207
1.98800003528595	173.708618164063
1.99199998378754	167.75341796875
1.99600005149841	156.296264648438
2	223.091018676758
2.00399994850159	213.830444335938
2.00799989700317	202.916519165039
2.01200008392334	254.964828491211
2.01600003242493	216.603500366211
2.01999998092651	240.022857666016
2.0239999294281	218.240158081055
2.02800011634827	225.006530761719
2.03200006484985	266.462249755859
2.03600001335144	233.915130615234
2.03999996185303	246.831100463867
2.04399991035461	230.555908203125
2.04800009727478	223.264312744141
2.05200004577637	192.201705932617
2.05599999427795	238.393966674805
2.05999994277954	226.372146606445
2.06399989128113	195.426300048828
2.06800007820129	176.8544921875
2.07200002670288	208.14176940918
2.07599997520447	182.001449584961
2.07999992370605	189.101455688477
2.08400011062622	158.806594848633
2.08800005912781	159.521438598633
2.09200000762939	166.000198364258
2.09599995613098	130.367233276367
2.09999990463257	146.775573730469
2.10400009155273	118.625968933105
2.10800004005432	108.553733825684
2.11199998855591	132.548294067383
2.1159999370575	87.7866973876953
2.11999988555908	100.590408325195
2.12400007247925	92.6140823364258
2.12800002098083	99.249137878418
2.13199996948242	90.9968414306641
2.13599991798401	70.6584701538086
2.14000010490417	83.8832702636719
2.14400005340576	85.4337844848633
2.14800000190735	71.7361679077148
2.15199995040894	58.778980255127
2.15599989891052	75.2296981811523
2.16000008583069	70.4977264404297
2.16400003433228	72.3296966552734
2.16799998283386	80.4516677856445
2.17199993133545	61.9229507446289
2.17600011825562	53.6696434020996
2.1800000667572	65.491569519043
2.18400001525879	53.5194282531738
2.18799996376038	70.2709274291992
2.19199991226196	73.4165573120117
2.19600009918213	84.102912902832
2.20000004768372	85.5893173217773
2.2039999961853	73.3628768920898
2.20799994468689	92.7432403564453
2.21199989318848	105.563316345215
2.21600008010864	112.627464294434
2.22000002861023	83.5682678222656
2.22399997711182	108.846893310547
2.2279999256134	105.740188598633
2.23200011253357	130.810882568359
2.23600006103516	116.313461303711
2.24000000953674	148.17692565918
2.24399995803833	120.755996704102
2.24799990653992	120.987869262695
2.25200009346008	116.342353820801
2.25600004196167	123.796348571777
2.25999999046326	130.312927246094
2.26399993896484	122.09888458252
2.26799988746643	108.138481140137
2.2720000743866	110.830368041992
2.27600002288818	103.77123260498
2.27999997138977	123.753028869629
2.28399991989136	112.079902648926
2.28800010681152	102.890075683594
2.29200005531311	99.3551788330078
2.2960000038147	83.7881927490234
2.29999995231628	91.0722885131836
2.30399990081787	96.945442199707
2.30800008773804	97.5156478881836
2.31200003623962	74.0883560180664
2.31599998474121	64.9584503173828
2.3199999332428	67.1448822021484
2.32399988174438	77.0142135620117
2.32800006866455	64.0491027832031
2.33200001716614	67.2875518798828
2.33599996566772	53.4310340881348
2.33999991416931	50.4107437133789
2.34400010108948	50.1597480773926
2.34800004959106	43.3432655334473
2.35199999809265	50.5331153869629
2.35599994659424	45.2592735290527
2.35999989509583	43.5662269592285
2.36400008201599	46.6803283691406
2.36800003051758	33.6152839660645
2.37199997901917	33.900074005127
2.37599992752075	31.8327522277832
2.38000011444092	46.6718292236328
2.3840000629425	34.8981590270996
2.38800001144409	40.2539367675781
2.39199995994568	40.3418388366699
2.39599990844727	45.102424621582
2.40000009536743	26.6737117767334
2.40400004386902	41.7906494140625
2.40799999237061	48.7756500244141
2.41199994087219	46.7539825439453
2.41599988937378	76.6013870239258
2.42000007629395	58.5261344909668
2.42400002479553	40.0643997192383
2.42799997329712	65.5208740234375
2.43199992179871	47.3256759643555
2.43600010871887	65.0720672607422
2.44000005722046	63.6737060546875
2.44400000572205	58.9201049804688
2.44799995422363	63.4855270385742
2.45199990272522	51.7141876220703
2.45600008964539	65.2808609008789
2.46000003814697	52.262451171875
2.46399998664856	65.5531234741211
2.46799993515015	73.9850234985352
2.47199988365173	63.5068969726563
2.4760000705719	70.6293029785156
2.48000001907349	54.1437644958496
2.48399996757507	67.3206558227539
2.48799991607666	52.1888236999512
2.49200010299683	63.4562950134277
2.49600005149841	63.8787727355957
2.5	67.0248107910156
2.50399994850159	45.4609565734863
2.50799989700317	48.9502754211426
2.51200008392334	65.6143493652344
2.51600003242493	36.6375694274902
2.51999998092651	47.1544799804688
2.5239999294281	53.7249946594238
2.52800011634827	38.9409561157227
2.53200006484985	43.4017028808594
2.53600001335144	46.530891418457
2.53999996185303	31.8942546844482
2.54399991035461	25.0806999206543
2.54800009727478	33.7396354675293
2.55200004577637	26.8091106414795
2.55599999427795	15.1382541656494
2.55999994277954	33.5159950256348
2.56399989128113	30.1181926727295
2.56800007820129	23.5659637451172
2.57200002670288	23.4549407958984
2.57599997520447	15.0151948928833
2.57999992370605	21.6727619171143
2.58400011062622	18.2236137390137
2.58800005912781	25.0471973419189
2.59200000762939	21.6383762359619
2.59599995613098	13.6068058013916
2.59999990463257	21.8238315582275
2.60400009155273	14.9618339538574
2.60800004005432	24.9425296783447
2.61199998855591	26.9453010559082
2.6159999370575	29.9892234802246
2.61999988555908	28.2358741760254
2.62400007247925	28.3652057647705
2.62800002098083	21.6807117462158
2.63199996948242	28.3287334442139
2.63599991798401	41.9636840820313
2.64000010490417	28.173755645752
2.64400005340576	21.8323841094971
2.64800000190735	32.0044174194336
2.65199995040894	40.2404708862305
2.65599989891052	26.7951774597168
2.66000008583069	33.3472213745117
2.66400003433228	31.8018379211426
2.66799998283386	35.1260032653809
2.67199993133545	23.4470558166504
2.67600011825562	38.3046607971191
2.6800000667572	39.2586936950684
2.68400001525879	48.4686584472656
2.68799996376038	45.1101913452148
2.69199991226196	48.7563209533691
2.69600009918213	33.4461326599121
2.70000004768372	33.7696266174316
2.7039999961853	38.342113494873
2.70799994468689	31.792236328125
2.71199989318848	33.7268218994141
2.71600008010864	34.8496398925781
2.72000002861023	23.745267868042
2.72399997711182	23.6121006011963
2.7279999256134	17.1076564788818
2.73200011253357	26.8855514526367
2.73600006103516	33.6324424743652
2.74000000953674	23.6348628997803
2.74399995803833	23.6427974700928
2.74799990653992	21.6269035339355
2.75200009346008	28.8671588897705
2.75600004196167	10.1147212982178
2.75999999046326	25.1219615936279
2.76399993896484	18.544734954834
2.76799988746643	11.8992691040039
2.7720000743866	16.7756290435791
2.77600002288818	11.7326211929321
2.77999997138977	16.8840618133545
2.78399991989136	21.7975292205811
2.78800010681152	16.8835754394531
2.79200005531311	16.5986862182617
2.7960000038147	18.4474086761475
2.79999995231628	10.145411491394
2.80399990081787	20.2144947052002
2.80800008773804	8.30123615264893
2.81200003623962	8.57018184661865
2.81599998474121	14.9752283096313
2.8199999332428	9.91427421569824
2.82399988174438	21.916862487793
2.82800006866455	13.3140916824341
2.83200001716614	31.8007526397705
2.83599996566772	20.0728187561035
2.83999991416931	25.1382293701172
2.84400010108948	25.1370544433594
2.84800004959106	13.2560176849365
2.85199999809265	23.421199798584
2.85599994659424	13.3495979309082
2.85999989509583	39.8019409179688
2.86400008201599	15.2530641555786
2.86800003051758	18.381311416626
2.87199997901917	28.5950222015381
2.87599992752075	18.2428493499756
2.88000011444092	31.8281497955322
2.8840000629425	30.1251659393311
2.88800001144409	23.3396492004395
2.89199995994568	33.629093170166
2.89599990844727	33.8684768676758
2.90000009536743	18.3396415710449
2.90400004386902	35.3236312866211
2.90799999237061	38.6378555297852
2.91199994087219	33.5956726074219
2.91599988937378	38.1184577941895
2.92000007629395	31.632303237915
2.92400002479553	30.2492771148682
2.92799997329712	20.033166885376
2.93199992179871	21.7623672485352
2.93600010871887	28.2689666748047
2.94000005722046	21.6657733917236
2.94400000572205	28.3697452545166
2.94799995422363	25.2539215087891
2.95199990272522	16.9489440917969
2.95600008964539	26.8145523071289
2.96000003814697	18.370059967041
2.96399998664856	15.2480249404907
2.96799993515015	19.9235305786133
2.97199988365173	13.5112352371216
2.9760000705719	18.4623050689697
2.98000001907349	16.7394981384277
2.98399996757507	14.935736656189
2.98799991607666	18.3761253356934
2.99200010299683	15.3148813247681
2.99600005149841	10.0091571807861
3	10.2328414916992
3.00399994850159	20.188793182373
3.00799989700317	9.99232292175293
3.01200008392334	13.3727264404297
3.01600003242493	18.2726249694824
3.01999998092651	16.8337631225586
3.0239999294281	18.3810367584229
3.02800011634827	18.4467353820801
3.03200006484985	14.9687032699585
3.03600001335144	11.5807952880859
3.03999996185303	11.6662435531616
3.04399991035461	4.86102294921875
3.04800009727478	5.0680456161499
3.05200004577637	10.0963859558105
3.05599999427795	8.33040904998779
3.05999994277954	15.2848815917969
3.06399989128113	13.3937149047852
3.06800007820129	28.6931858062744
3.07200002670288	8.35918235778809
3.07599997520447	16.7674694061279
3.07999992370605	16.5861167907715
3.08400011062622	11.6911792755127
3.08800005912781	20.3828353881836
3.09200000762939	18.5459995269775
3.09599995613098	25.2784214019775
3.09999990463257	16.7956504821777
3.10400009155273	18.2867412567139
3.10800004005432	15.0906772613525
3.11199998855591	15.2354497909546
3.1159999370575	15.1234359741211
3.11999988555908	21.8513221740723
3.12400007247925	13.4879112243652
3.12800002098083	23.4777870178223
3.13199996948242	20.1344985961914
3.13599991798401	13.4315729141235
3.14000010490417	10.0064477920532
3.14400005340576	10.3247957229614
3.14800000190735	25.0309238433838
3.15199995040894	15.1003742218018
3.15599989891052	18.3859004974365
3.16000008583069	13.3576793670654
3.16400003433228	18.6903858184814
3.16799998283386	15.0098161697388
3.17199993133545	18.4146289825439
3.17600011825562	13.2465715408325
3.1800000667572	13.1103897094727
3.18400001525879	11.882474899292
3.18799996376038	11.8105525970459
3.19199991226196	10.0856504440308
3.19600009918213	3.3750205039978
3.20000004768372	11.7122983932495
3.2039999961853	11.7849111557007
3.20799994468689	8.33942699432373
3.21199989318848	8.30934429168701
3.21600008010864	5.10234451293945
3.22000002861023	8.313720703125
3.22399997711182	18.3179798126221
3.2279999256134	8.38748741149902
3.23200011253357	10.220196723938
3.23600006103516	5.04909896850586
3.24000000953674	9.95081996917725
3.24399995803833	13.2939252853394
3.24799990653992	10.2014436721802
3.25200009346008	8.24697589874268
3.25600004196167	9.89406776428223
3.25999999046326	8.25519847869873
3.26399993896484	8.30871295928955
3.26799988746643	11.5864915847778
3.2720000743866	6.66723871231079
3.27600002288818	5.03737783432007
3.27999997138977	16.851224899292
3.28399991989136	8.39344692230225
3.28800010681152	9.93905639648438
3.29200005531311	10.0154399871826
3.2960000038147	13.5426921844482
3.29999995231628	13.3745832443237
3.30399990081787	13.4512186050415
3.30800008773804	11.9807643890381
3.31200003623962	15.080979347229
3.31599998474121	16.9573078155518
3.3199999332428	10.0377979278564
3.32399988174438	8.16988754272461
3.32800006866455	8.40983200073242
3.33200001716614	11.6947221755981
3.33599996566772	13.3854322433472
3.33999991416931	15.2203483581543
3.34400010108948	4.90419292449951
3.34800004959106	3.34562134742737
3.35199999809265	18.4538841247559
3.35599994659424	15.3689270019531
3.35999989509583	16.9340858459473
3.36400008201599	13.465744972229
3.36800003051758	5.08815860748291
3.37199997901917	10.0645809173584
3.37599992752075	3.49948167800903
3.38000011444092	3.37866306304932
3.3840000629425	6.7819356918335
3.38800001144409	13.4496879577637
3.39199995994568	6.49612855911255
3.39599990844727	3.36511325836182
3.40000009536743	10.3001756668091
3.40400004386902	8.24994945526123
3.40799999237061	8.27743721008301
3.41199994087219	1.72390222549438
3.41599988937378	8.27560043334961
3.42000007629395	13.3149433135986
3.42400002479553	13.2668714523315
3.42799997329712	6.61587715148926
3.43199992179871	6.71764278411865
3.43600010871887	8.40271186828613
3.44000005722046	8.41418838500977
3.44400000572205	11.5958261489868
3.44799995422363	3.31892204284668
3.45199990272522	11.6706371307373
3.45600008964539	6.66380310058594
3.46000003814697	15.1698560714722
3.46399998664856	8.35188293457031
3.46799993515015	8.54628658294678
3.47199988365173	8.37992668151855
3.4760000705719	11.8700637817383
3.48000001907349	5.24511337280273
3.48399996757507	14.9010725021362
3.48799991607666	5.16286468505859
3.49200010299683	6.83860397338867
3.49600005149841	11.7778844833374
3.5	10.1494636535645
3.50399994850159	6.8661060333252
3.50799989700317	6.74169778823853
3.51200008392334	5.04962635040283
3.51600003242493	5.09360790252686
3.51999998092651	3.35482048988342
3.5239999294281	10.0795965194702
3.52800011634827	10.0305242538452
3.53200006484985	4.97191476821899
3.53600001335144	13.3729810714722
3.53999996185303	16.915843963623
3.54399991035461	15.0290155410767
3.54800009727478	6.63232040405273
3.55200004577637	13.2296762466431
3.55599999427795	11.8065853118896
3.55999994277954	11.7732639312744
3.56399989128113	8.315260887146
3.56800007820129	4.94277858734131
3.57200002670288	5.03201913833618
3.57599997520447	6.76386737823486
3.57999992370605	8.38689517974854
3.58400011062622	11.8539638519287
3.58800005912781	6.87080478668213
3.59200000762939	10.1043863296509
3.59599995613098	8.4488000869751
3.59999990463257	8.45723819732666
3.60400009155273	6.6827654838562
3.60800004005432	16.9686145782471
3.61199998855591	8.47164821624756
3.6159999370575	13.5430316925049
3.61999988555908	10.0270233154297
3.62400007247925	8.41868209838867
3.62800002098083	8.52201271057129
3.63199996948242	5.03562831878662
3.63599991798401	6.66627979278564
3.64000010490417	0
3.64400005340576	6.7058539390564
3.64800000190735	5.00948572158813
3.65199995040894	6.66287803649902
3.65599989891052	10.1258325576782
3.66000008583069	8.45655155181885
3.66400003433228	11.7271165847778
3.66799998283386	8.34496879577637
3.67199993133545	11.6908760070801
3.67600011825562	10.1202554702759
3.6800000667572	3.31326603889465
3.68400001525879	11.7739572525024
3.68799996376038	4.97922325134277
3.69199991226196	3.33487153053284
3.69600009918213	6.60466051101685
3.70000004768372	6.72086143493652
3.7039999961853	6.64820957183838
3.70799994468689	18.3873062133789
3.71199989318848	11.5765724182129
3.71600008010864	5.06073141098022
3.72000002861023	6.76790857315063
3.72399997711182	10.1659822463989
3.7279999256134	10.2043418884277
3.73200011253357	5.1864128112793
3.73600006103516	8.42575263977051
3.74000000953674	11.7712020874023
3.74399995803833	8.52541160583496
3.74799990653992	11.6996488571167
3.75200009346008	10.1300506591797
3.75600004196167	10.0158863067627
3.75999999046326	8.36603450775146
3.76399993896484	8.31355476379395
3.76799988746643	6.72020530700684
3.7720000743866	3.3991003036499
3.77600002288818	5.04934215545654
3.77999997138977	3.45914244651794
3.78399991989136	8.26546859741211
3.78800010681152	6.71298265457153
3.79200005531311	1.64505386352539
3.7960000038147	13.4274415969849
3.79999995231628	3.34770917892456
3.80399990081787	6.73747396469116
3.80800008773804	6.56063556671143
3.81200003623962	4.9759407043457
3.81599998474121	16.6212615966797
3.8199999332428	8.47062969207764
3.82399988174438	1.73322975635529
3.82800006866455	15.2201957702637
3.83200001716614	10.0830173492432
3.83599996566772	6.64207744598389
3.83999991416931	5.0065770149231
3.84400010108948	3.40992450714111
3.84800004959106	6.63695430755615
3.85199999809265	3.33824563026428
3.85599994659424	9.95311069488525
3.85999989509583	8.30425548553467
3.86400008201599	5.01905918121338
3.86800003051758	1.7241438627243
3.87199997901917	9.94632625579834
3.87599992752075	3.45164251327515
3.88000011444092	5.09661149978638
3.8840000629425	1.64654231071472
3.88800001144409	3.39312124252319
3.89199995994568	6.67460298538208
3.89599990844727	6.8776330947876
3.90000009536743	3.4394748210907
3.90400004386902	6.82727718353271
3.90799999237061	6.6872296333313
3.91199994087219	4.97017431259155
3.91599988937378	5.00558042526245
3.92000007629395	6.85692548751831
3.92400002479553	10.0863189697266
3.92799997329712	6.81313753128052
3.93199992179871	5.02151966094971
3.93600010871887	8.54417133331299
3.94000005722046	6.74226140975952
3.94400000572205	4.94182205200195
3.94799995422363	8.41605472564697
3.95199990272522	3.32855725288391
3.95600008964539	3.32651209831238
3.96000003814697	13.46839427948
3.96399998664856	6.78773546218872
3.96799993515015	3.40050101280212
3.97199988365173	5.08258533477783
3.9760000705719	8.47834300994873
3.98000001907349	6.6786003112793
3.98399996757507	6.55502557754517
3.98799991607666	8.22352027893066
3.99200010299683	4.98179197311401
3.99600005149841	1.64911842346191
4	6.77649021148682
4.00400018692017	6.69581079483032
4.00799989700317	6.63092613220215
4.01200008392334	6.61407518386841
4.01599979400635	16.721263885498
4.01999998092651	6.77183246612549
4.02400016784668	3.27944087982178
4.02799987792969	6.72777557373047
4.03200006484985	10.1090822219849
4.03599977493286	6.74627447128296
4.03999996185303	4.9657506942749
4.04400014877319	4.9387035369873
4.0479998588562	3.36627554893494
4.05200004577637	4.94873666763306
4.05600023269653	8.32335472106934
4.05999994277954	3.31511616706848
4.06400012969971	3.31510329246521
4.06799983978271	8.35806846618652
4.07200002670288	1.64204120635986
4.07600021362305	3.32662343978882
4.07999992370605	1.73850119113922
4.08400011062622	1.67782878875732
4.08799982070923	6.62995386123657
4.09200000762939	0
4.09600019454956	1.70764589309692
4.09999990463257	1.62307500839233
4.10400009155273	3.36665344238281
4.10799980163574	5.18781328201294
4.11199998855591	1.67247867584229
4.11600017547607	3.42218947410583
4.11999988555908	4.93840885162354
4.12400007247925	5.08350038528442
4.12799978256226	3.32173848152161
4.13199996948242	6.55298852920532
4.13600015640259	5.05174779891968
4.1399998664856	1.7108336687088
4.14400005340576	5.13645648956299
4.14799976348877	3.31953024864197
4.15199995040894	8.33848857879639
4.1560001373291	5.00929355621338
4.15999984741211	11.9802513122559
4.16400003433228	8.28794288635254
4.16800022125244	8.46126842498779
4.17199993133545	3.31985449790955
4.17600011825562	10.0590362548828
4.17999982833862	6.69513940811157
4.18400001525879	1.69940495491028
4.18800020217896	8.44799423217773
4.19199991226196	13.4564619064331
4.19600009918213	6.76166200637817
4.19999980926514	1.67148983478546
4.2039999961853	4.96061038970947
4.20800018310547	3.29106521606445
4.21199989318848	3.30358862876892
4.21600008010864	1.71301627159119
4.21999979019165	3.32833933830261
4.22399997711182	5.04750967025757
4.22800016403198	4.96529388427734
4.23199987411499	1.60152781009674
4.23600006103516	6.8718147277832
4.23999977111816	10.0258684158325
4.24399995803833	1.68845355510712
4.2480001449585	3.26224279403687
4.2519998550415	1.72210836410522
4.25600004196167	3.32754349708557
4.26000022888184	0
4.26399993896484	3.45555067062378
4.26800012588501	0
4.27199983596802	3.23702430725098
4.27600002288818	1.69326639175415
4.28000020980835	1.65089344978333
4.28399991989136	0
4.28800010681152	1.71753263473511
4.29199981689453	0
4.2960000038147	3.30038523674011
4.30000019073486	6.67386531829834
4.30399990081787	6.69975137710571
4.30800008773804	1.69785559177399
4.31199979782104	3.31970047950745
4.31599998474121	10.0558242797852
4.32000017166138	1.76834428310394
4.32399988174438	0
4.32800006866455	8.31168937683105
4.33199977874756	4.97009706497192
4.33599996566772	1.63197231292725
4.34000015258789	4.94304704666138
4.3439998626709	5.07789468765259
4.34800004959106	3.3976035118103
4.35200023651123	0
4.35599994659424	1.61609816551208
4.3600001335144	0
4.36399984359741	4.9942946434021
4.36800003051758	3.24177312850952
4.37200021743774	0
4.37599992752075	3.44860243797302
4.38000011444092	5.01610088348389
4.38399982452393	5.00410985946655
4.38800001144409	1.62147450447083
4.39200019836426	5.04435253143311
4.39599990844727	3.28758430480957
4.40000009536743	3.42202591896057
4.40399980545044	6.7362961769104
4.40799999237061	3.28624701499939
4.41200017929077	3.44355297088623
4.41599988937378	4.90934371948242
4.42000007629395	1.66397833824158
4.42399978637695	3.38383150100708
4.42799997329712	4.94510269165039
4.43200016021729	1.72360754013062
4.43599987030029	8.45624923706055
4.44000005722046	1.68921792507172
4.44399976730347	5.00772762298584
4.44799995422363	4.9804515838623
4.4520001411438	3.36410331726074
4.45599985122681	5.10704517364502
4.46000003814697	3.31706833839417
4.46400022506714	4.98480653762817
4.46799993515015	10.036958694458
4.47200012207031	5.09409999847412
4.47599983215332	5.05698394775391
4.48000001907349	6.71698331832886
4.48400020599365	3.42965126037598
4.48799991607666	0
4.49200010299683	3.36138916015625
4.49599981307983	1.65691709518433
4.5	1.7241438627243
4.50400018692017	0
4.50799989700317	6.75739431381226
4.51200008392334	0
4.51599979400635	0
4.51999998092651	3.42006921768188
4.52400016784668	0
4.52799987792969	1.70657241344452
4.53200006484985	3.33769845962524
4.53599977493286	3.3111207485199
4.53999996185303	1.67068302631378
4.54400014877319	0
4.5479998588562	3.27534151077271
4.55200004577637	1.7108336687088
4.55600023269653	1.67849659919739
4.55999994277954	1.60333335399628
4.56400012969971	0
4.56799983978271	1.7547128200531
4.57200002670288	3.41764807701111
4.57600021362305	3.41615390777588
4.57999992370605	4.98003530502319
4.58400011062622	1.63947975635529
4.58799982070923	0
4.59200000762939	1.67737877368927
4.59600019454956	5.00338411331177
4.59999990463257	3.40491580963135
4.60400009155273	1.68320739269257
4.60799980163574	0
4.61199998855591	0
4.61600017547607	5.10472011566162
4.61999988555908	0
4.62400007247925	1.60339975357056
4.62799978256226	5.05121946334839
4.63199996948242	0
4.63600015640259	4.97722816467285
4.6399998664856	1.67477869987488
4.64400005340576	6.77202367782593
4.64799976348877	1.6710764169693
4.65199995040894	3.4309983253479
4.6560001373291	6.83634424209595
4.65999984741211	3.33088970184326
4.66400003433228	3.34610629081726
4.66800022125244	5.0177264213562
4.67199993133545	3.31497478485107
4.67600011825562	3.30724263191223
4.67999982833862	3.37492775917053
4.68400001525879	0
4.68800020217896	5.16266202926636
4.69199991226196	5.03931760787964
4.69600009918213	5.0701732635498
4.69999980926514	3.23734307289124
4.7039999961853	1.66265404224396
4.70800018310547	1.66990303993225
4.71199989318848	1.62577450275421
4.71600008010864	0
4.71999979019165	1.63340699672699
4.72399997711182	1.65871167182922
4.72800016403198	0
4.73199987411499	0
4.73600006103516	3.26998901367188
4.73999977111816	1.7154997587204
4.74399995803833	0
4.7480001449585	1.63440084457397
4.7519998550415	1.6751697063446
4.75600004196167	4.94687032699585
4.76000022888184	1.70627748966217
4.76399993896484	1.67558169364929
4.76800012588501	3.29371380805969
4.77199983596802	1.64546358585358
4.77600002288818	0
4.78000020980835	1.70764589309692
4.78399991989136	5.01197385787964
4.78800010681152	8.59189891815186
4.79199981689453	4.97041797637939
4.7960000038147	4.98013401031494
4.80000019073486	0
4.80399990081787	0
4.80800008773804	0
4.81199979782104	0
4.81599998474121	0
4.82000017166138	0
4.82399988174438	3.39128088951111
4.82800006866455	1.65382838249207
4.83199977874756	8.26026248931885
4.83599996566772	3.31465578079224
4.84000015258789	0
4.8439998626709	1.65667903423309
4.84800004959106	1.67849659919739
4.85200023651123	10.1449346542358
4.85599994659424	3.36121916770935
4.8600001335144	3.28452467918396
4.86399984359741	3.33465886116028
4.86800003051758	8.42679786682129
4.87200021743774	8.4437952041626
4.87599992752075	0
4.88000011444092	1.67247867584229
4.88399982452393	1.70396661758423
4.88800001144409	3.3864152431488
4.89200019836426	1.7003288269043
4.89599990844727	0
4.90000009536743	0
4.90399980545044	3.4463095664978
4.90799999237061	3.3553307056427
4.91200017929077	3.33487153053284
4.91599988937378	0
4.92000007629395	4.95788335800171
4.92399978637695	0
4.92799997329712	0
4.93200016021729	0
4.93599987030029	1.66290330886841
4.94000005722046	6.72714233398438
4.94399976730347	0
4.94799995422363	1.69176065921783
4.9520001411438	1.69176065921783
4.95599985122681	0
4.96000003814697	0
4.96400022506714	0
4.96799993515015	0
4.97200012207031	0
4.97599983215332	0
4.98000001907349	1.7108336687088
4.98400020599365	0
4.98799991607666	3.41662955284119
4.99200010299683	3.30919647216797
4.99599981307983	1.61761319637299
5	1.71248435974121
5.00400018692017	0
5.00799989700317	3.52613043785095
5.01200008392334	1.62567484378815
5.01599979400635	0
5.01999998092651	0
5.02400016784668	1.62567484378815
5.02799987792969	1.60339975357056
5.03200006484985	0
5.03599977493286	1.68740093708038
5.03999996185303	1.63197231292725
5.04400014877319	1.66920149326324
5.0479998588562	3.30176973342896
5.05200004577637	1.70946145057678
5.05600023269653	3.35535931587219
5.05999994277954	0
5.06400012969971	3.3402156829834
5.06799983978271	0
5.07200002670288	5.04132890701294
5.07600021362305	1.66496849060059
5.07999992370605	0
5.08400011062622	6.69846534729004
5.08799982070923	1.66505944728851
5.09200000762939	0
5.09600019454956	1.71879410743713
5.09999990463257	1.61952567100525
5.10400009155273	3.34992814064026
5.10799980163574	3.3232684135437
5.11199998855591	5.10739183425903
5.11600017547607	0
5.11999988555908	1.60152781009674
5.12400007247925	3.29600310325623
5.12799978256226	0
5.13199996948242	0
5.13600015640259	0
5.1399998664856	0
5.14400005340576	0
5.14799976348877	3.40837955474854
5.15199995040894	1.67558169364929
5.1560001373291	0
5.15999984741211	0
5.16400003433228	3.26934862136841
5.16800022125244	1.66690587997437
5.17199993133545	1.68740093708038
5.17600011825562	3.36923599243164
5.17999982833862	1.73914611339569
5.18400001525879	1.63947975635529
5.18800020217896	0
5.19199991226196	0
5.19600009918213	0
5.19999980926514	0
5.2039999961853	3.38451981544495
5.20800018310547	1.63970768451691
5.21199989318848	3.38190031051636
5.21600008010864	0
5.21999979019165	3.29582786560059
5.22399997711182	0
5.22800016403198	1.68748497962952
5.23199987411499	0
5.23600006103516	1.65691709518433
5.23999977111816	1.66690587997437
5.24399995803833	5.00670623779297
5.2480001449585	1.75583446025848
5.2519998550415	0
5.25600004196167	0
5.26000022888184	0
5.26399993896484	4.91351461410522
5.26800012588501	5.13597440719604
5.27199983596802	8.43783092498779
5.27600002288818	3.4283299446106
5.28000020980835	0
5.28399991989136	3.35500550270081
5.28800010681152	3.3702552318573
5.29199981689453	6.70965766906738
5.2960000038147	1.73850119113922
5.30000019073486	0
5.30399990081787	1.63011085987091
5.30800008773804	1.65667903423309
5.31199979782104	1.62567484378815
5.31599998474121	1.66842639446259
5.32000017166138	0
5.32399988174438	1.74810671806335
5.32800006866455	0
5.33199977874756	1.6296181678772
5.33599996566772	1.64924466609955
5.34000015258789	0
5.3439998626709	0
5.34800004959106	0
5.35200023651123	0
5.35599994659424	1.63011085987091
5.3600001335144	0
5.36399984359741	0
5.36800003051758	1.6940370798111
5.37200021743774	0
5.37599992752075	0
5.38000011444092	1.64035701751709
5.38399982452393	1.73850119113922
5.38800001144409	0
5.39200019836426	0
5.39599990844727	0
5.40000009536743	0
5.40399980545044	0
5.40799999237061	1.7000732421875
5.41200017929077	0
5.41599988937378	3.33854484558105
5.42000007629395	3.20983028411865
5.42399978637695	6.62817811965942
5.42799997329712	1.63011085987091
5.43200016021729	0
5.43599987030029	1.67782878875732
5.44000005722046	0
5.44399976730347	1.68740093708038
5.44799995422363	0
5.4520001411438	1.64924466609955
5.45599985122681	1.6836599111557
5.46000003814697	1.66359126567841
5.46400022506714	0
5.46799993515015	0
5.47200012207031	1.67068302631378
5.47599983215332	3.27384424209595
5.48000001907349	3.32262492179871
5.48400020599365	0
5.48799991607666	1.70946145057678
5.49200010299683	1.66809141635895
5.49599981307983	0
5.5	0
5.50400018692017	0
5.50799989700317	0
5.51200008392334	1.65420985221863
5.51599979400635	0
5.51999998092651	3.45854997634888
5.52400016784668	0
5.52799987792969	1.71301627159119
5.53200006484985	1.68156778812408
5.53599977493286	1.71248435974121
5.53999996185303	3.45370364189148
5.54400014877319	0
5.5479998588562	1.66690587997437
5.55200004577637	1.74742615222931
5.55600023269653	0
5.55999994277954	1.6467798948288
5.56400012969971	0
5.56799983978271	3.33265972137451
5.57200002670288	3.28717470169067
5.57600021362305	0
5.57999992370605	0
5.58400011062622	0
5.58799982070923	0
5.59200000762939	0
5.59600019454956	0
5.59999990463257	0
5.60400009155273	1.63011085987091
5.60799980163574	0
5.61199998855591	0
5.61600017547607	0
5.61999988555908	0
5.62400007247925	1.7108336687088
5.62799978256226	0
5.63199996948242	0
5.63600015640259	0
5.6399998664856	1.69968688488007
5.64400005340576	0
5.64799976348877	0
5.65199995040894	1.71841204166412
5.6560001373291	1.61616063117981
5.65999984741211	0
5.66400003433228	0
5.66800022125244	1.63055789470673
5.67199993133545	0
5.67600011825562	1.69940495491028
5.67999982833862	0
5.68400001525879	0
5.68800020217896	3.38661670684814
5.69199991226196	0
5.69600009918213	1.66990303993225
5.69999980926514	1.65577864646912
5.7039999961853	1.67477869987488
5.70800018310547	1.61609816551208
5.71199989318848	0
5.71600008010864	0
5.71999979019165	0
5.72399997711182	1.69785559177399
5.72800016403198	3.43395471572876
5.73199987411499	1.71922707557678
5.73600006103516	1.62635183334351
5.73999977111816	0
5.74399995803833	0
5.7480001449585	1.78480839729309
5.7519998550415	0
5.75600004196167	1.72544419765472
5.76000022888184	0
5.76399993896484	1.75049304962158
5.76800012588501	0
5.77199983596802	0
5.77600002288818	1.64035701751709
5.78000020980835	0
5.78399991989136	1.62769103050232
5.78800010681152	0
5.79199981689453	1.68264985084534
5.7960000038147	0
5.80000019073486	0
5.80399990081787	0
5.80800008773804	0
5.81199979782104	0
5.81599998474121	3.38032960891724
5.82000017166138	3.40439605712891
5.82399988174438	0
5.82800006866455	1.71753263473511
5.83199977874756	1.63972115516663
5.83599996566772	0
5.84000015258789	0
5.8439998626709	0
5.84800004959106	0
5.85200023651123	0
5.85599994659424	1.7051408290863
5.8600001335144	0
5.86399984359741	0
5.86800003051758	0
5.87200021743774	1.6374796628952
5.87599992752075	0
5.88000011444092	0
5.88399982452393	1.60152781009674
5.88800001144409	1.75049304962158
5.89200019836426	0
5.89599990844727	1.63430225849152
5.90000009536743	1.67782878875732
5.90399980545044	0
5.90799999237061	0
5.91200017929077	1.70011281967163
5.91599988937378	0
5.92000007629395	0
5.92399978637695	1.65577864646912
5.92799997329712	0
5.93200016021729	3.31167817115784
5.93599987030029	0
5.94000005722046	1.6467798948288
5.94399976730347	1.70762097835541
5.94799995422363	1.67784368991852
5.9520001411438	0
5.95599985122681	1.64654231071472
5.96000003814697	0
5.96400022506714	1.62318313121796
5.96799993515015	0
5.97200012207031	0
5.97599983215332	1.68576955795288
5.98000001907349	0
5.98400020599365	0
5.98799991607666	0
5.99200010299683	0
5.99599981307983	0
6	0
