0	2797611.75
0.00400000018998981	2915212
0.00800000037997961	2969878.25
0.0120000001043081	2905880.75
0.0160000007599592	2782942.25
0.0199999995529652	2635219.5
0.0240000002086163	2505560.25
0.0280000008642673	2252897.25
0.0320000015199184	1870271.5
0.0359999984502792	1354145.875
0.0399999991059303	870501.3125
0.0439999997615814	514183.0625
0.0480000004172325	307180.75
0.0520000010728836	192540.171875
0.0560000017285347	132166.96875
0.0599999986588955	99580.25
0.0640000030398369	83824.3203125
0.068000003695488	79012.75
0.0719999969005585	78518.828125
0.0759999975562096	79206.8125
0.0799999982118607	81027.859375
0.0839999988675117	83908.484375
0.0879999995231628	86422.0703125
0.0920000001788139	90474.796875
0.096000000834465	93096.03125
0.100000001490116	96353.9296875
0.104000002145767	100797.1953125
0.108000002801418	103652.046875
0.112000003457069	107802.1875
0.11599999666214	110392.75
0.119999997317791	114448.5
0.123999997973442	117766.09375
0.128000006079674	121921.2890625
0.131999999284744	125870.8984375
0.136000007390976	128463.515625
0.140000000596046	132320.5625
0.143999993801117	136089.90625
0.148000001907349	139562.5625
0.151999995112419	142963.375
0.156000003218651	148618.0625
0.159999996423721	151460.65625
0.164000004529953	155650.28125
0.167999997735023	158969.1875
0.172000005841255	162324.46875
0.175999999046326	166276.875
0.180000007152557	168517.015625
0.184000000357628	171944.265625
0.187999993562698	175765.5
0.19200000166893	180126.921875
0.195999994874001	182459.0625
0.200000002980232	187109.421875
0.203999996185303	189616.203125
0.208000004291534	193712.171875
0.211999997496605	197436.546875
0.216000005602837	200905.890625
0.219999998807907	204035.546875
0.224000006914139	207265.90625
0.228000000119209	211513.15625
0.23199999332428	215015.03125
0.236000001430511	217736.03125
0.239999994635582	222606.6875
0.244000002741814	226200.3125
0.247999995946884	229740.78125
0.252000004053116	231571.4375
0.256000012159348	234816.71875
0.259999990463257	237855.15625
0.263999998569489	243103.171875
0.26800000667572	246247.078125
0.272000014781952	250162.421875
0.275999993085861	253446.125
0.280000001192093	255356.328125
0.284000009298325	260040.8125
0.287999987602234	262972.03125
0.291999995708466	266149.5
0.296000003814697	268685.1875
0.300000011920929	271624
0.303999990224838	276580.03125
0.30799999833107	279137.625
0.312000006437302	283136.21875
0.316000014543533	286875.03125
0.319999992847443	289399.9375
0.324000000953674	292229.1875
0.328000009059906	295372.5625
0.331999987363815	299597.21875
0.335999995470047	303035.5625
0.340000003576279	304604.65625
0.34400001168251	307573
0.34799998998642	310008.4375
0.351999998092651	311805
0.356000006198883	317685.28125
0.360000014305115	319246.59375
0.363999992609024	323239.3125
0.368000000715256	326385.25
0.372000008821487	329055.5625
0.375999987125397	331501.25
0.379999995231628	335949.875
0.38400000333786	338376.125
0.388000011444092	340056.3125
0.391999989748001	343243.5
0.395999997854233	346076.96875
0.400000005960464	348833.71875
0.404000014066696	353278.78125
0.407999992370605	353123.6875
0.412000000476837	356660.5625
0.416000008583069	358306.625
0.419999986886978	361601.5
0.42399999499321	365723.59375
0.428000003099442	367568.125
0.432000011205673	369951.9375
0.435999989509583	371806.8125
0.439999997615814	375412.59375
0.444000005722046	378146.15625
0.448000013828278	378327.3125
0.451999992132187	380773.40625
0.456000000238419	383383.78125
0.46000000834465	386199.65625
0.46399998664856	387967.40625
0.467999994754791	390939.78125
0.472000002861023	391847.71875
0.476000010967255	394079.375
0.479999989271164	395248.59375
0.483999997377396	398018.6875
0.488000005483627	398277.25
0.492000013589859	402009.84375
0.495999991893768	404206.125
0.5	404333.25
0.504000008106232	404273.8125
0.508000016212463	406322.4375
0.512000024318695	406839.375
0.515999972820282	405961.8125
0.519999980926514	411356.3125
0.523999989032745	408145.5
0.527999997138977	409768.65625
0.532000005245209	411557.03125
0.53600001335144	412544.25
0.540000021457672	412722.46875
0.544000029563904	412785.875
0.547999978065491	412768.4375
0.551999986171722	413463.125
0.555999994277954	411974.78125
0.560000002384186	410463.59375
0.564000010490417	410506.625
0.568000018596649	407636.3125
0.572000026702881	406258.21875
0.575999975204468	404984.03125
0.579999983310699	400121.65625
0.583999991416931	397178.4375
0.587999999523163	393915.8125
0.592000007629395	389229.125
0.596000015735626	385860.03125
0.600000023841858	378564.4375
0.603999972343445	371591.25
0.607999980449677	363983.1875
0.611999988555908	352406.1875
0.61599999666214	341288.125
0.620000004768372	330322.875
0.624000012874603	317261.25
0.628000020980835	305701.65625
0.632000029087067	291667.96875
0.635999977588654	277880.5
0.639999985694885	264796.53125
0.643999993801117	250947.578125
0.648000001907349	236452.625
0.65200001001358	225293.671875
0.656000018119812	213103.515625
0.660000026226044	200429.5625
0.663999974727631	190354.1875
0.667999982833862	179943.40625
0.671999990940094	169807.625
0.675999999046326	162064.546875
0.680000007152557	154482.46875
0.684000015258789	146329.03125
0.688000023365021	139513.25
0.691999971866608	133015.125
0.695999979972839	126054.0859375
0.699999988079071	120970.3359375
0.703999996185303	115033.5703125
0.708000004291534	110517.421875
0.712000012397766	104227.125
0.716000020503998	99909.7109375
0.720000028610229	94146.578125
0.723999977111816	91338.09375
0.727999985218048	86625.9140625
0.73199999332428	82696.859375
0.736000001430511	78847.9609375
0.740000009536743	74763.6875
0.744000017642975	70668.921875
0.748000025749207	67695.3828125
0.751999974250793	63829.4921875
0.755999982357025	61000.28515625
0.759999990463257	58637.8515625
0.763999998569489	55690.83203125
0.76800000667572	53403.76171875
0.772000014781952	50625.4453125
0.776000022888184	48221.328125
0.779999971389771	45954.625
0.783999979496002	43339.09765625
0.787999987602234	41383.5234375
0.791999995708466	38667.31640625
0.796000003814697	36840.34375
0.800000011920929	35009.265625
0.804000020027161	33294.953125
0.808000028133392	31122.2265625
0.811999976634979	29526.341796875
0.815999984741211	28506.48046875
0.819999992847443	26942.8828125
0.824000000953674	25476.154296875
0.828000009059906	23987.3671875
0.832000017166138	23135
0.836000025272369	21312.966796875
0.839999973773956	20678.169921875
0.843999981880188	19528.146484375
0.84799998998642	18288.72265625
0.851999998092651	17533.93359375
0.856000006198883	16340.361328125
0.860000014305115	15423.3056640625
0.864000022411346	14469.7216796875
0.867999970912933	13867.966796875
0.871999979019165	13054.240234375
0.875999987125397	12457.2744140625
0.879999995231628	11896.24609375
0.88400000333786	11031.501953125
0.888000011444092	10190.08984375
0.892000019550323	9848.11328125
0.896000027656555	9313.6455078125
0.899999976158142	8760.9658203125
0.903999984264374	8295.923828125
0.907999992370605	7838.6318359375
0.912000000476837	7413.0458984375
0.916000008583069	6933.03857421875
0.920000016689301	6443.9765625
0.924000024795532	6221.75390625
0.927999973297119	5947.48193359375
0.931999981403351	5349.2587890625
0.935999989509583	5100.34814453125
0.939999997615814	4911.01318359375
0.944000005722046	4751.423828125
0.948000013828278	4282.5810546875
0.952000021934509	4199.30859375
0.955999970436096	3831.8427734375
0.959999978542328	3566.10791015625
0.96399998664856	3583.09448242188
0.967999994754791	3353.11596679688
0.972000002861023	3088.7197265625
0.976000010967255	2864.84741210938
0.980000019073486	2819.28686523438
0.984000027179718	2637.47973632813
0.987999975681305	2540.26538085938
0.991999983787537	2281.84155273438
0.995999991893768	2171.17309570313
1	2122.23168945313
1.00399994850159	1935.94116210938
1.00800001621246	1821.28686523438
1.01199996471405	1747.71667480469
1.01600003242493	1762.5546875
1.01999998092651	1630.99645996094
1.02400004863739	1511.33154296875
1.02799999713898	1385.53869628906
1.03199994564056	1323.42016601563
1.03600001335144	1403.09411621094
1.03999996185303	1346.54248046875
1.0440000295639	1208.40600585938
1.04799997806549	1146.73046875
1.05200004577637	1153.89245605469
1.05599999427795	1143.75561523438
1.05999994277954	1018.75164794922
1.06400001049042	997.667236328125
1.067999958992	942.577941894531
1.07200002670288	1032.81030273438
1.07599997520447	905.670654296875
1.08000004291534	845.152709960938
1.08399999141693	832.304748535156
1.08800005912781	736.5009765625
1.09200000762939	728.129577636719
1.09599995613098	769.195678710938
1.10000002384186	733.168701171875
1.10399997234344	626.837280273438
1.10800004005432	656.36181640625
1.11199998855591	675.630310058594
1.11600005626678	667.500244140625
1.12000000476837	639.06298828125
1.12399995326996	644.649597167969
1.12800002098083	630.518371582031
1.13199996948242	618.714294433594
1.1360000371933	600.809020996094
1.13999998569489	604.69189453125
1.14400005340576	586.919982910156
1.14800000190735	581.030822753906
1.15199995040894	546.939819335938
1.15600001811981	515.5166015625
1.1599999666214	537.759643554688
1.16400003433228	466.689758300781
1.16799998283386	472.647033691406
1.17200005054474	541.955444335938
1.17599999904633	476.576324462891
1.17999994754791	437.771697998047
1.18400001525879	414.878784179688
1.18799996376038	443.660949707031
1.19200003147125	450.027099609375
1.19599997997284	458.990844726563
1.20000004768372	424.61572265625
1.2039999961853	407.691864013672
1.20799994468689	410.864807128906
1.21200001239777	428.839050292969
1.21599996089935	358.342071533203
1.22000002861023	416.1142578125
1.22399997711182	393.435302734375
1.22800004482269	392.432678222656
1.23199999332428	368.670745849609
1.23599994182587	317.259765625
1.24000000953674	351.033233642578
1.24399995803833	282.481567382813
1.24800002574921	315.681427001953
1.25199997425079	327.273651123047
1.25600004196167	301.073852539063
1.25999999046326	292.363830566406
1.26400005817413	281.333831787109
1.26800000667572	266.4609375
1.27199995517731	267.283233642578
1.27600002288818	265.850067138672
1.27999997138977	297.127014160156
1.28400003910065	301.431610107422
1.28799998760223	284.543884277344
1.29200005531311	258.160675048828
1.2960000038147	225.030487060547
1.29999995231628	237.27001953125
1.30400002002716	235.400650024414
1.30799996852875	250.55256652832
1.31200003623962	230.401916503906
1.31599998474121	220.97607421875
1.32000005245209	191.177307128906
1.32400000095367	242.302368164063
1.32799994945526	206.883148193359
1.33200001716614	198.334091186523
1.33599996566772	217.078979492188
1.3400000333786	210.108520507813
1.34399998188019	165.303939819336
1.34800004959106	206.646682739258
1.35199999809265	225.224990844727
1.35599994659424	200.245544433594
1.36000001430511	205.179733276367
1.3639999628067	207.259796142578
1.36800003051758	193.311233520508
1.37199997901917	187.603942871094
1.37600004673004	214.064529418945
1.37999999523163	161.443878173828
1.38399994373322	180.433242797852
1.38800001144409	158.780868530273
1.39199995994568	187.071731567383
1.39600002765656	193.706146240234
1.39999997615814	173.614593505859
1.40400004386902	186.285934448242
1.40799999237061	204.930038452148
1.41199994087219	172.180297851563
1.41600000858307	188.313262939453
1.41999995708466	178.339263916016
1.42400002479553	202.319076538086
1.42799997329712	172.020629882813
1.432000041008	181.054183959961
1.43599998950958	194.654983520508
1.44000005722046	201.651779174805
1.44400000572205	202.377258300781
1.44799995422363	188.385787963867
1.45200002193451	208.052551269531
1.4559999704361	189.279876708984
1.46000003814697	218.977432250977
1.46399998664856	211.379272460938
1.46800005435944	212.142822265625
1.47200000286102	178.671417236328
1.47599995136261	215.744674682617
1.48000001907349	178.477600097656
1.48399996757507	176.917144775391
1.48800003528595	200.391418457031
1.49199998378754	210.421676635742
1.49600005149841	207.171020507813
1.5	207.609725952148
1.50399994850159	250.779541015625
1.50800001621246	212.763412475586
1.51199996471405	210.792953491211
1.51600003242493	205.975646972656
1.51999998092651	207.293975830078
1.52400004863739	198.571075439453
1.52799999713898	201.800689697266
1.53199994564056	195.608963012695
1.53600001335144	218.132507324219
1.53999996185303	223.419677734375
1.5440000295639	210.10514831543
1.54799997806549	183.775207519531
1.55200004577637	210.826232910156
1.55599999427795	170.515045166016
1.55999994277954	186.029235839844
1.56400001049042	220.629013061523
1.567999958992	214.259307861328
1.57200002670288	190.686080932617
1.57599997520447	200.3876953125
1.58000004291534	205.637329101563
1.58399999141693	196.884262084961
1.58800005912781	251.986419677734
1.59200000762939	231.74609375
1.59599995613098	205.248382568359
1.60000002384186	215.136840820313
1.60399997234344	246.847183227539
1.60800004005432	240.171997070313
1.61199998855591	228.835632324219
1.61600005626678	244.740676879883
1.62000000476837	193.974273681641
1.62399995326996	222.069274902344
1.62800002098083	205.777069091797
1.63199996948242	213.994140625
1.6360000371933	247.319686889648
1.63999998569489	185.524627685547
1.64400005340576	240.69010925293
1.64800000190735	192.787124633789
1.65199995040894	227.811996459961
1.65600001811981	245.591934204102
1.6599999666214	213.967971801758
1.66400003433228	192.329956054688
1.66799998283386	209.064682006836
1.67200005054474	213.044418334961
1.67599999904633	205.620941162109
1.67999994754791	225.386474609375
1.68400001525879	224.007919311523
1.68799996376038	212.803802490234
1.69200003147125	177.285659790039
1.69599997997284	193.772857666016
1.70000004768372	205.670104980469
1.7039999961853	211.643753051758
1.70799994468689	185.549346923828
1.71200001239777	171.160720825195
1.71599996089935	195.521774291992
1.72000002861023	175.129287719727
1.72399997711182	152.681076049805
1.72800004482269	185.017303466797
1.73199999332428	169.462188720703
1.73599994182587	164.314987182617
1.74000000953674	189.905838012695
1.74399995803833	176.334365844727
1.74800002574921	155.545013427734
1.75199997425079	191.093048095703
1.75600004196167	178.678482055664
1.75999999046326	178.078659057617
1.76400005817413	173.945404052734
1.76800000667572	140.686111450195
1.77199995517731	176.913848876953
1.77600002288818	169.134567260742
1.77999997138977	129.239517211914
1.78400003910065	145.581619262695
1.78799998760223	136.64176940918
1.79200005531311	150.339279174805
1.7960000038147	121.228233337402
1.79999995231628	113.76953125
1.80400002002716	121.041732788086
1.80799996852875	121.734443664551
1.81200003623962	113.784942626953
1.81599998474121	120.132690429688
1.82000005245209	112.012275695801
1.82400000095367	116.709503173828
1.82799994945526	106.767448425293
1.83200001716614	100.090896606445
1.83599996566772	122.22989654541
1.8400000333786	112.19165802002
1.84399998188019	92.2760314941406
1.84800004959106	103.899635314941
1.85199999809265	88.8285827636719
1.85599994659424	95.3489837646484
1.86000001430511	82.0885162353516
1.8639999628067	88.6488571166992
1.86800003051758	93.6799087524414
1.87199997901917	63.8387985229492
1.87600004673004	71.7603149414063
1.87999999523163	55.3366851806641
1.88399994373322	68.2586517333984
1.88800001144409	67.3745498657227
1.89199995994568	61.4692192077637
1.89600002765656	68.7261199951172
1.89999997615814	55.2161712646484
1.90400004386902	50.4907493591309
1.90799999237061	54.7167510986328
1.91199994087219	70.1141815185547
1.91600000858307	40.066780090332
1.91999995708466	46.7180404663086
1.92400002479553	61.7372016906738
1.92799997329712	45.1724891662598
1.932000041008	39.9960708618164
1.93599998950958	35.240104675293
1.94000005722046	36.8655281066895
1.94400000572205	36.6852531433105
1.94799995422363	30.150218963623
1.95200002193451	28.7077713012695
1.9559999704361	36.7135238647461
1.96000003814697	46.8189888000488
1.96399998664856	35.3334007263184
1.96800005435944	30.0319042205811
1.97200000286102	33.6672210693359
1.97599995136261	28.413724899292
1.98000001907349	43.4833068847656
1.98399996757507	29.8143348693848
1.98800003528595	20.4075126647949
1.99199998378754	20.3239822387695
1.99600005149841	11.5048122406006
2	16.6252136230469
2.00399994850159	28.5181560516357
2.00799989700317	10.0353851318359
2.01200008392334	9.92523002624512
2.01600003242493	6.72240352630615
2.01999998092651	21.7964611053467
2.0239999294281	13.3773546218872
2.02800011634827	4.84399938583374
2.03200006484985	11.6694822311401
2.03600001335144	19.9746742248535
2.03999996185303	11.6947288513184
2.04399991035461	8.31037902832031
2.04800009727478	6.61570644378662
2.05200004577637	18.5252246856689
2.05599999427795	14.9759073257446
2.05999994277954	8.42593383789063
2.06399989128113	3.27987170219421
2.06800007820129	10.0361471176147
2.07200002670288	3.28079175949097
2.07599997520447	4.90888118743896
2.07999992370605	5.08599948883057
2.08400011062622	8.2313060760498
2.08800005912781	4.94092464447021
2.09200000762939	4.97238397598267
2.09599995613098	4.96793413162231
2.09999990463257	0
2.10400009155273	8.38534259796143
2.10800004005432	0
2.11199998855591	5.05256128311157
2.1159999370575	1.63161718845367
2.11999988555908	10.0381212234497
2.12400007247925	9.86180686950684
2.12800002098083	3.33518075942993
2.13199996948242	5.02245140075684
2.13599991798401	13.3240346908569
2.14000010490417	10.1651096343994
2.14400005340576	8.37591361999512
2.14800000190735	8.60134220123291
2.15199995040894	14.9030637741089
2.15599989891052	3.32738447189331
2.16000008583069	4.83735275268555
2.16400003433228	13.3604974746704
2.16799998283386	11.7221622467041
2.17199993133545	13.4218626022339
2.17600011825562	16.649808883667
2.1800000667572	1.62585747241974
2.18400001525879	11.5692415237427
2.18799996376038	11.7235841751099
2.19199991226196	18.29736328125
2.19600009918213	6.76294565200806
2.20000004768372	10.2301034927368
2.2039999961853	8.13822078704834
2.20799994468689	15.1736040115356
2.21199989318848	16.9904346466064
2.21600008010864	8.32028865814209
2.22000002861023	9.89123344421387
2.22399997711182	18.1003532409668
2.2279999256134	15.176417350769
2.23200011253357	13.3205165863037
2.23600006103516	14.8447942733765
2.24000000953674	21.9236660003662
2.24399995803833	16.8127193450928
2.24799990653992	11.8317251205444
2.25200009346008	5.00253057479858
2.25600004196167	23.3139038085938
2.25999999046326	16.6941585540771
2.26399993896484	11.6581172943115
2.26799988746643	20.0005569458008
2.2720000743866	19.8057117462158
2.27600002288818	23.373161315918
2.27999997138977	23.3235530853271
2.28399991989136	21.7073097229004
2.28800010681152	17.0676574707031
2.29200005531311	18.5755290985107
2.2960000038147	18.2560844421387
2.29999995231628	9.99779224395752
2.30399990081787	16.6422691345215
2.30800008773804	23.7291698455811
2.31200003623962	8.33011436462402
2.31599998474121	24.9405689239502
2.3199999332428	24.7454319000244
2.32399988174438	14.929313659668
2.32800006866455	28.4563026428223
2.33200001716614	15.0659513473511
2.33599996566772	16.751859664917
2.33999991416931	18.4981651306152
2.34400010108948	19.760046005249
2.34800004959106	21.5216941833496
2.35199999809265	19.8336524963379
2.35599994659424	28.2654476165771
2.35999989509583	21.4228858947754
2.36400008201599	20.2060661315918
2.36800003051758	24.8900089263916
2.37199997901917	28.6231994628906
2.37599992752075	16.5942897796631
2.38000011444092	31.5572834014893
2.3840000629425	23.1619453430176
2.38800001144409	16.659158706665
2.39199995994568	29.7167358398438
2.39599990844727	25.0897464752197
2.40000009536743	23.381649017334
2.40400004386902	29.8041973114014
2.40799999237061	15.0035858154297
2.41199994087219	18.2609825134277
2.41599988937378	16.7185611724854
2.42000007629395	9.98315906524658
2.42400002479553	13.3600978851318
2.42799997329712	30.2061939239502
2.43199992179871	20.2457866668701
2.43600010871887	6.65012407302856
2.44000005722046	23.7310676574707
2.44400000572205	14.8715000152588
2.44799995422363	16.8221416473389
2.45199990272522	8.40695381164551
2.45600008964539	16.779260635376
2.46000003814697	16.9526042938232
2.46399998664856	18.5380706787109
2.46799993515015	19.9804878234863
2.47199988365173	16.892915725708
2.4760000705719	16.7466239929199
2.48000001907349	13.3769130706787
2.48399996757507	11.5290384292603
2.48799991607666	15.049877166748
2.49200010299683	16.7956237792969
2.49600005149841	16.4237632751465
2.5	11.6220407485962
2.50399994850159	10.0219612121582
2.50799989700317	6.49009037017822
2.51200008392334	16.4512844085693
2.51600003242493	11.775053024292
2.51999998092651	13.4276752471924
2.5239999294281	8.40337657928467
2.52800011634827	13.0851211547852
2.53200006484985	8.33959007263184
2.53600001335144	6.6709041595459
2.53999996185303	11.4929161071777
2.54399991035461	6.68621683120728
2.54800009727478	13.5282211303711
2.55200004577637	8.32421588897705
2.55599999427795	9.9631929397583
2.55999994277954	16.6544570922852
2.56399989128113	6.71225690841675
2.56800007820129	4.98413372039795
2.57200002670288	6.64325761795044
2.57599997520447	4.9665379524231
2.57999992370605	3.37317752838135
2.58400011062622	6.56390619277954
2.58800005912781	5.03183746337891
2.59200000762939	4.99647855758667
2.59599995613098	4.98079872131348
2.59999990463257	10.1022071838379
2.60400009155273	6.62649583816528
2.60800004005432	1.67068302631378
2.61199998855591	6.6144232749939
2.6159999370575	0
2.61999988555908	4.9175763130188
2.62400007247925	4.92254781723022
2.62800002098083	6.68245458602905
2.63199996948242	11.7578134536743
2.63599991798401	5.10146236419678
2.64000010490417	6.7078914642334
2.64400005340576	3.4141092300415
2.64800000190735	3.36014080047607
2.65199995040894	4.93813419342041
2.65599989891052	1.65089344978333
2.66000008583069	4.89076995849609
2.66400003433228	3.50466918945313
2.66799998283386	5.01373147964478
2.67199993133545	1.62577450275421
2.67600011825562	6.71133518218994
2.6800000667572	4.98944187164307
2.68400001525879	5.01488399505615
2.68799996376038	3.32755589485168
2.69199991226196	0
2.69600009918213	1.65328204631805
2.70000004768372	1.69510400295258
2.7039999961853	4.98243522644043
2.70799994468689	3.31500387191772
2.71199989318848	0
2.71600008010864	6.54473638534546
2.72000002861023	0
2.72399997711182	0
2.7279999256134	1.65382838249207
2.73200011253357	4.96375799179077
2.73600006103516	3.39378714561462
2.74000000953674	0
2.74399995803833	3.32279324531555
2.74799990653992	0
2.75200009346008	1.59999656677246
2.75600004196167	1.58950901031494
2.75999999046326	0
2.76399993896484	1.63345503807068
2.76799988746643	3.39668321609497
2.7720000743866	1.68914318084717
2.77600002288818	3.3488917350769
2.77999997138977	0
2.78399991989136	0
2.78800010681152	1.65287208557129
2.79200005531311	1.6453310251236
2.7960000038147	4.97753047943115
2.79999995231628	1.66265404224396
2.80399990081787	0
2.80800008773804	0
2.81200003623962	1.68921792507172
2.81599998474121	0
2.8199999332428	1.6089745759964
2.82399988174438	1.67135119438171
2.82800006866455	3.26940631866455
2.83200001716614	1.68843328952789
2.83599996566772	0
2.83999991416931	4.95268392562866
2.84400010108948	6.59897994995117
2.84800004959106	4.98261880874634
2.85199999809265	1.61609816551208
2.85599994659424	1.71266579627991
2.85999989509583	3.29047131538391
2.86400008201599	3.41065955162048
2.86800003051758	6.69547462463379
2.87199997901917	6.53434562683105
2.87599992752075	3.39280962944031
2.88000011444092	1.6453310251236
2.8840000629425	6.64843416213989
2.88800001144409	0
2.89199995994568	1.63440084457397
2.89599990844727	5.10435390472412
2.90000009536743	3.50520610809326
2.90400004386902	1.71879410743713
2.90799999237061	0
2.91199994087219	1.72324800491333
2.91599988937378	4.79089593887329
2.92000007629395	3.29806756973267
2.92400002479553	4.97713136672974
2.92799997329712	1.65532064437866
2.93199992179871	4.97590780258179
2.93600010871887	1.69060528278351
2.94000005722046	3.28734612464905
2.94400000572205	5.09283304214478
2.94799995422363	8.32901382446289
2.95199990272522	6.66968441009521
2.95600008964539	3.33427500724792
2.96000003814697	0
2.96399998664856	6.65119647979736
2.96799993515015	3.31540584564209
2.97199988365173	0
2.9760000705719	3.40870094299316
2.98000001907349	1.68845355510712
2.98399996757507	3.38742542266846
2.98799991607666	5.0764331817627
2.99200010299683	3.29100966453552
2.99600005149841	1.68101346492767
3	6.78826951980591
3.00399994850159	0
3.00799989700317	1.59246683120728
3.01200008392334	1.66261315345764
3.01600003242493	0
3.01999998092651	3.31561708450317
3.0239999294281	0
3.02800011634827	11.7308902740479
3.03200006484985	5.01759481430054
3.03600001335144	3.3478856086731
3.03999996185303	5.04377698898315
3.04399991035461	6.76695728302002
3.04800009727478	4.88805103302002
3.05200004577637	3.42076826095581
3.05599999427795	1.70011281967163
3.05999994277954	1.76834428310394
3.06399989128113	1.58950901031494
3.06800007820129	3.33278656005859
3.07200002670288	1.65917015075684
3.07599997520447	3.34961938858032
3.07999992370605	5.03664350509644
3.08400011062622	4.86933565139771
3.08800005912781	0
3.09200000762939	1.6751697063446
3.09599995613098	1.70083737373352
3.09999990463257	0
3.10400009155273	4.93121957778931
3.10800004005432	3.32286095619202
3.11199998855591	1.63430225849152
3.1159999370575	0
3.11999988555908	6.69411659240723
3.12400007247925	4.93384075164795
3.12800002098083	10.3057413101196
3.13199996948242	3.26879501342773
3.13599991798401	3.35135698318481
3.14000010490417	1.65382838249207
3.14400005340576	0
3.14800000190735	3.40044546127319
3.15199995040894	4.94167184829712
3.15599989891052	3.30053901672363
3.16000008583069	1.66182696819305
3.16400003433228	0
3.16799998283386	0
3.17199993133545	3.30261087417603
3.17600011825562	0
3.1800000667572	5.07984495162964
3.18400001525879	1.62552034854889
3.18799996376038	3.25790762901306
3.19199991226196	0
3.19600009918213	5.06440114974976
