TR_S04_PTO_STO(100)_750c_200mT_1000sh_3hz_XRR_04072026	
2θ, °	Intensity, cps
0	2762114.5
0.00400000018998981	2885256.75
0.00800000037997961	2945476
0.0120000001043081	2907109.5
0.0160000007599592	2824434.5
0.0199999995529652	2714448.25
0.0240000002086163	2595294.25
0.0280000008642673	2351058.5
0.0320000015199184	1962155
0.0359999984502792	1418682.875
0.0399999991059303	917040.75
0.0439999997615814	542962.75
0.0480000004172325	320401.25
0.0520000010728836	200025.8125
0.0560000017285347	133675.890625
0.0599999986588955	98165.25
0.0640000030398369	82287.71875
0.068000003695488	74735.2421875
0.0719999969005585	73898.0234375
0.0759999975562096	75169.6953125
0.0799999982118607	77309.7890625
0.0839999988675117	79397.421875
0.0879999995231628	83072.9453125
0.0920000001788139	86227
0.096000000834465	88632.953125
0.100000001490116	92788.3203125
0.104000002145767	96187
0.108000002801418	99723.1328125
0.112000003457069	102463.046875
0.11599999666214	105797.6171875
0.119999997317791	108816.65625
0.123999997973442	111818.109375
0.128000006079674	115995.484375
0.131999999284744	117847.96875
0.136000007390976	121762.6015625
0.140000000596046	124368.3046875
0.143999993801117	128270.4453125
0.148000001907349	132054.015625
0.151999995112419	134965.03125
0.156000003218651	139335.78125
0.159999996423721	141588.328125
0.164000004529953	143984.203125
0.167999997735023	148467.46875
0.172000005841255	150352.65625
0.175999999046326	153136.140625
0.180000007152557	156495.1875
0.184000000357628	160216.6875
0.187999993562698	162165.53125
0.19200000166893	165709.59375
0.195999994874001	168672.6875
0.200000002980232	171042.046875
0.203999996185303	174130.703125
0.208000004291534	176984.765625
0.211999997496605	179930.3125
0.216000005602837	181782.6875
0.219999998807907	183978.234375
0.224000006914139	188020.375
0.228000000119209	189422.703125
0.23199999332428	191247.765625
0.236000001430511	195327.828125
0.239999994635582	197774.34375
0.244000002741814	199418.328125
0.247999995946884	201253.9375
0.252000004053116	204921.84375
0.256000012159348	206124.78125
0.259999990463257	210226.4375
0.263999998569489	210377.625
0.26800000667572	213493.203125
0.272000014781952	215520.609375
0.275999993085861	217028.71875
0.280000001192093	219773
0.284000009298325	221664.578125
0.287999987602234	222153.4375
0.291999995708466	224884.921875
0.296000003814697	226820.546875
0.300000011920929	228888.515625
0.303999990224838	230498.078125
0.30799999833107	233430.078125
0.312000006437302	233867.078125
0.316000014543533	234966.515625
0.319999992847443	237443.9375
0.324000000953674	238462.375
0.328000009059906	240103.28125
0.331999987363815	242022.625
0.335999995470047	243974.0625
0.340000003576279	244060.515625
0.34400001168251	246222.453125
0.34799998998642	247541.453125
0.351999998092651	248448.046875
0.356000006198883	249511.171875
0.360000014305115	251364.25
0.363999992609024	253186.28125
0.368000000715256	253758.625
0.372000008821487	255811.75
0.375999987125397	256547.265625
0.379999995231628	257587.234375
0.38400000333786	259423.640625
0.388000011444092	259812.765625
0.391999989748001	261999.96875
0.395999997854233	261166.828125
0.400000005960464	263946.59375
0.404000014066696	264675.75
0.407999992370605	266647.75
0.412000000476837	266977.65625
0.416000008583069	267004.625
0.419999986886978	270006.1875
0.42399999499321	271331
0.428000003099442	272164.75
0.432000011205673	274250.46875
0.435999989509583	274374.46875
0.439999997615814	276983.3125
0.444000005722046	278728.25
0.448000013828278	279773.6875
0.451999992132187	281433.8125
0.456000000238419	283142.5
0.46000000834465	283772.125
0.46399998664856	286766.5
0.467999994754791	288974.125
0.472000002861023	291140.03125
0.476000010967255	292185.5
0.479999989271164	292760.6875
0.483999997377396	294348.3125
0.488000005483627	297956.9375
0.492000013589859	301803.125
0.495999991893768	301099.34375
0.5	302671.46875
0.504000008106232	305842.96875
0.508000016212463	307143.375
0.512000024318695	311427.125
0.515999972820282	311459.8125
0.519999980926514	314592.28125
0.523999989032745	316449.15625
0.527999997138977	317596.8125
0.532000005245209	319395.875
0.53600001335144	322635.25
0.540000021457672	324397.4375
0.544000029563904	327495.375
0.547999978065491	326176.46875
0.551999986171722	329888.875
0.555999994277954	331839.1875
0.560000002384186	331705.1875
0.564000010490417	333009.75
0.568000018596649	334386.875
0.572000026702881	334309.875
0.575999975204468	333888.03125
0.579999983310699	332451.03125
0.583999991416931	332061.09375
0.587999999523163	329894.0625
0.592000007629395	325225.6875
0.596000015735626	323699.8125
0.600000023841858	317843.9375
0.603999972343445	309611.65625
0.607999980449677	302025.53125
0.611999988555908	292635.96875
0.61599999666214	279672.25
0.620000004768372	264744.75
0.624000012874603	251217.5
0.628000020980835	234489.25
0.632000029087067	217364.34375
0.635999977588654	202173.953125
0.639999985694885	184303.859375
0.643999993801117	168400.375
0.648000001907349	154768.734375
0.65200001001358	141333.90625
0.656000018119812	128450.1953125
0.660000026226044	118308.046875
0.663999974727631	108256.78125
0.667999982833862	99433.140625
0.671999990940094	92671.4375
0.675999999046326	85995.3125
0.680000007152557	79577.2109375
0.684000015258789	74515.375
0.688000023365021	69270.21875
0.691999971866608	66106.859375
0.695999979972839	62057.62890625
0.699999988079071	58881.43359375
0.703999996185303	56085.078125
0.708000004291534	52613.91015625
0.712000012397766	50632.7421875
0.716000020503998	47996.01953125
0.720000028610229	45881.17578125
0.723999977111816	43662.30078125
0.727999985218048	42103.71875
0.73199999332428	39720.734375
0.736000001430511	38494.16015625
0.740000009536743	36379.3671875
0.744000017642975	35254.8671875
0.748000025749207	34007.64453125
0.751999974250793	33120.140625
0.755999982357025	31368.197265625
0.759999990463257	30110.72265625
0.763999998569489	29207.22265625
0.76800000667572	28445.5078125
0.772000014781952	26900.107421875
0.776000022888184	26263.58203125
0.779999971389771	25493.24609375
0.783999979496002	24526.4609375
0.787999987602234	23827.615234375
0.791999995708466	23033.005859375
0.796000003814697	22362.443359375
0.800000011920929	21870.505859375
0.804000020027161	21178.865234375
0.808000028133392	20694.18359375
0.811999976634979	20033.3359375
0.815999984741211	19060.1484375
0.819999992847443	18823.951171875
0.824000000953674	18613.927734375
0.828000009059906	17962.73828125
0.832000017166138	17290.84765625
0.836000025272369	16622.765625
0.839999973773956	16523.89453125
0.843999981880188	16086.1552734375
0.84799998998642	15762.751953125
0.851999998092651	15292.5322265625
0.856000006198883	14728.244140625
0.860000014305115	14472.6904296875
0.864000022411346	14108.8134765625
0.867999970912933	13836.083984375
0.871999979019165	13692.6025390625
0.875999987125397	12979.9892578125
0.879999995231628	13019.333984375
0.88400000333786	12728.0712890625
0.888000011444092	12330.212890625
0.892000019550323	12174.220703125
0.896000027656555	11823.927734375
0.899999976158142	11257.9931640625
0.903999984264374	11122.490234375
0.907999992370605	11169.2265625
0.912000000476837	10536.1787109375
0.916000008583069	10459.294921875
0.920000016689301	10369.3046875
0.924000024795532	9966.638671875
0.927999973297119	9788.7158203125
0.931999981403351	9871.51953125
0.935999989509583	9301.1435546875
0.939999997615814	9375.615234375
0.944000005722046	9404.689453125
0.948000013828278	8860.4814453125
0.952000021934509	8778.8203125
0.955999970436096	8595.9912109375
0.959999978542328	8428.0439453125
0.96399998664856	8086.37548828125
0.967999994754791	8273.56640625
0.972000002861023	7880.54541015625
0.976000010967255	7783.83642578125
0.980000019073486	7473.46533203125
0.984000027179718	7574.09423828125
0.987999975681305	7247.53515625
0.991999983787537	7197.02490234375
0.995999991893768	7080.6796875
1	6889.234375
1.00399994850159	6910.771484375
1.00800001621246	6690.0087890625
1.01199996471405	6698.0830078125
1.01600003242493	6483.2412109375
1.01999998092651	6492.021484375
1.02400004863739	6110.9365234375
1.02799999713898	6068.64501953125
1.03199994564056	6285.78173828125
1.03600001335144	6012.94091796875
1.03999996185303	5980.166015625
1.0440000295639	5928.154296875
1.04799997806549	5828.64013671875
1.05200004577637	5751.59521484375
1.05599999427795	5453.0791015625
1.05999994277954	5592.4296875
1.06400001049042	5373.55029296875
1.067999958992	5232.59228515625
1.07200002670288	5264.14599609375
1.07599997520447	4937.68115234375
1.08000004291534	5044.7861328125
1.08399999141693	4882.576171875
1.08800005912781	5108.3876953125
1.09200000762939	4753.63720703125
1.09599995613098	4657.9462890625
1.10000002384186	4731.53369140625
1.10399997234344	4618.54296875
1.10800004005432	4555.18359375
1.11199998855591	4451.96533203125
1.11600005626678	4408.36767578125
1.12000000476837	4288.18994140625
1.12399995326996	4190.654296875
1.12800002098083	4125.29736328125
1.13199996948242	4049.15698242188
1.1360000371933	3958.427734375
1.13999998569489	3984.94799804688
1.14400005340576	3968.7060546875
1.14800000190735	4001.83911132813
1.15199995040894	3887.33276367188
1.15600001811981	3817.13549804688
1.1599999666214	3678.62548828125
1.16400003433228	3619.21459960938
1.16799998283386	3459.53125
1.17200005054474	3584.2900390625
1.17599999904633	3495.76611328125
1.17999994754791	3493.78173828125
1.18400001525879	3515.2275390625
1.18799996376038	3326.53540039063
1.19200003147125	3204.00317382813
1.19599997997284	3294.21142578125
1.20000004768372	3363.86645507813
1.2039999961853	3201.32153320313
1.20799994468689	3111.685546875
1.21200001239777	3205.39868164063
1.21599996089935	2962.49194335938
1.22000002861023	2922.01318359375
1.22399997711182	2863.30004882813
1.22800004482269	2903.9521484375
1.23199999332428	2904.21069335938
1.23599994182587	2766.35522460938
1.24000000953674	2801.6787109375
1.24399995803833	2762.99267578125
1.24800002574921	2624.6494140625
1.25199997425079	2736.0732421875
1.25600004196167	2709.11352539063
1.25999999046326	2628.5595703125
1.26400005817413	2634.86450195313
1.26800000667572	2525.955078125
1.27199995517731	2424.83715820313
1.27600002288818	2571.25903320313
1.27999997138977	2410.08129882813
1.28400003910065	2490.54760742188
1.28799998760223	2329.59008789063
1.29200005531311	2448.484375
1.2960000038147	2245.85693359375
1.29999995231628	2264.9599609375
1.30400002002716	2343.69653320313
1.30799996852875	2223.32299804688
1.31200003623962	2140.17407226563
1.31599998474121	2250.80981445313
1.32000005245209	2253.93481445313
1.32400000095367	2102.44580078125
1.32799994945526	2242.66625976563
1.33200001716614	2126.40649414063
1.33599996566772	2060.90454101563
1.3400000333786	2060.31762695313
1.34399998188019	2085.85034179688
1.34800004959106	1910.70703125
1.35199999809265	1960.69311523438
1.35599994659424	1925.96215820313
1.36000001430511	1960.01892089844
1.3639999628067	1801.05932617188
1.36800003051758	1850.38110351563
1.37199997901917	1800.32165527344
1.37600004673004	1953.83215332031
1.37999999523163	1742.75207519531
1.38399994373322	1735.49890136719
1.38800001144409	1778.66723632813
1.39199995994568	1745.77233886719
1.39600002765656	1682.77111816406
1.39999997615814	1719.63537597656
1.40400004386902	1702.85961914063
1.40799999237061	1670.26953125
1.41199994087219	1702.94177246094
1.41600000858307	1697.12487792969
1.41999995708466	1603.87536621094
1.42400002479553	1539.43701171875
1.42799997329712	1699.81005859375
1.432000041008	1571.36633300781
1.43599998950958	1561.58850097656
1.44000005722046	1524.42272949219
1.44400000572205	1509.15979003906
1.44799995422363	1511.30725097656
1.45200002193451	1522.93640136719
1.4559999704361	1407.24243164063
1.46000003814697	1549.21911621094
1.46399998664856	1416.76989746094
1.46800005435944	1349.68676757813
1.47200000286102	1362.25329589844
1.47599995136261	1307.60327148438
1.48000001907349	1365.55578613281
1.48399996757507	1340.24243164063
1.48800003528595	1344.72326660156
1.49199998378754	1336.46313476563
1.49600005149841	1258.23327636719
1.5	1321.17687988281
1.50399994850159	1246.32666015625
1.50800001621246	1260.2763671875
1.51199996471405	1272.52160644531
1.51600003242493	1200.80212402344
1.51999998092651	1200.32177734375
1.52400004863739	1169.14672851563
1.52799999713898	1226.4580078125
1.53199994564056	1232.25756835938
1.53600001335144	1133.11083984375
1.53999996185303	1105.69067382813
1.5440000295639	1128.08312988281
1.54799997806549	1159.44409179688
1.55200004577637	1075.54833984375
1.55599999427795	1157.39929199219
1.55999994277954	1070.18469238281
1.56400001049042	1113.16906738281
1.567999958992	1115.36853027344
1.57200002670288	1127.23474121094
1.57599997520447	1051.88732910156
1.58000004291534	984.267761230469
1.58399999141693	1058.00036621094
1.58800005912781	1016.77154541016
1.59200000762939	1044.63293457031
1.59599995613098	974.285888671875
1.60000002384186	1037.42138671875
1.60399997234344	1033.00085449219
1.60800004005432	934.75830078125
1.61199998855591	1022.79583740234
1.61600005626678	918.083984375
1.62000000476837	959.296752929688
1.62399995326996	973.879211425781
1.62800002098083	975.153076171875
1.63199996948242	935.827819824219
1.6360000371933	965.964172363281
1.63999998569489	878.070495605469
1.64400005340576	908.9892578125
1.64800000190735	921.94287109375
1.65199995040894	826.374450683594
1.65600001811981	848.369567871094
1.6599999666214	895.255615234375
1.66400003433228	889.813659667969
1.66799998283386	835.463806152344
1.67200005054474	788.392150878906
1.67599999904633	801.996032714844
1.67999994754791	846.766174316406
1.68400001525879	822.794372558594
1.68799996376038	804.580200195313
1.69200003147125	831.0419921875
1.69599997997284	808.410705566406
1.70000004768372	802.791931152344
1.7039999961853	733.872314453125
1.70799994468689	749.072387695313
1.71200001239777	782.202270507813
1.71599996089935	832.164794921875
1.72000002861023	754.677917480469
1.72399997711182	803.204040527344
1.72800004482269	722.473388671875
1.73199999332428	709.568908691406
1.73599994182587	678.658569335938
1.74000000953674	686.161987304688
1.74399995803833	752.643249511719
1.74800002574921	698.082763671875
1.75199997425079	712.269165039063
1.75600004196167	710.676696777344
1.75999999046326	735.031372070313
1.76400005817413	595.738830566406
1.76800000667572	703.401916503906
1.77199995517731	667.98974609375
1.77600002288818	641.478881835938
1.77999997138977	706.401123046875
1.78400003910065	604.578002929688
1.78799998760223	658.507263183594
1.79200005531311	585.381591796875
1.7960000038147	642.308898925781
1.79999995231628	626.089477539063
1.80400002002716	611.303649902344
1.80799996852875	616.183654785156
1.81200003623962	677.476135253906
1.81599998474121	592.600463867188
1.82000005245209	618.074829101563
1.82400000095367	582.668579101563
1.82799994945526	536.963012695313
1.83200001716614	564.450622558594
1.83599996566772	604.831420898438
1.8400000333786	588.52294921875
1.84399998188019	546.956848144531
1.84800004959106	495.224609375
1.85199999809265	523.25537109375
1.85599994659424	549.331481933594
1.86000001430511	539.581909179688
1.8639999628067	495.892547607422
1.86800003051758	502.401336669922
1.87199997901917	552.124267578125
1.87600004673004	488.717437744141
1.87999999523163	493.741851806641
1.88399994373322	472.226043701172
1.88800001144409	517.226806640625
1.89199995994568	455.812438964844
1.89600002765656	469.099212646484
1.89999997615814	542.136901855469
1.90400004386902	483.021148681641
1.90799999237061	500.812469482422
1.91199994087219	495.532531738281
1.91600000858307	428.882080078125
1.91999995708466	452.163757324219
1.92400002479553	480.585235595703
1.92799997329712	450.016723632813
1.932000041008	412.590515136719
1.93599998950958	382.896667480469
1.94000005722046	459.838653564453
1.94400000572205	417.272796630859
1.94799995422363	415.107818603516
1.95200002193451	442.659454345703
1.9559999704361	416.362854003906
1.96000003814697	427.787567138672
1.96399998664856	443.184204101563
1.96800005435944	422.379089355469
1.97200000286102	454.961090087891
1.97599995136261	378.179412841797
1.98000001907349	391.173614501953
1.98399996757507	392.707122802734
1.98800003528595	429.921325683594
1.99199998378754	402.51513671875
1.99600005149841	409.951263427734
2	360.149597167969
2.00399994850159	411.671905517578
2.00799989700317	350.577178955078
2.01200008392334	378.667694091797
2.01600003242493	342.134948730469
2.01999998092651	419.845794677734
2.0239999294281	392.574523925781
2.02800011634827	376.534271240234
2.03200006484985	418.521179199219
2.03600001335144	333.960998535156
2.03999996185303	326.743133544922
2.04399991035461	331.427276611328
2.04800009727478	350.665679931641
2.05200004577637	360.540283203125
2.05599999427795	369.305541992188
2.05999994277954	306.914398193359
2.06399989128113	330.629333496094
2.06800007820129	313.399993896484
2.07200002670288	340.175903320313
2.07599997520447	382.926177978516
2.07999992370605	312.200408935547
2.08400011062622	317.859252929688
2.08800005912781	287.585021972656
2.09200000762939	379.520782470703
2.09599995613098	307.053283691406
2.09999990463257	315.571044921875
2.10400009155273	358.356811523438
2.10800004005432	309.178680419922
2.11199998855591	312.058624267578
2.1159999370575	321.833923339844
2.11999988555908	331.126129150391
2.12400007247925	311.165802001953
2.12800002098083	352.548278808594
2.13199996948242	263.295227050781
2.13599991798401	295.793518066406
2.14000010490417	260.852691650391
2.14400005340576	273.574096679688
2.14800000190735	277.06689453125
2.15199995040894	324.465393066406
2.15599989891052	293.486724853516
2.16000008583069	298.9296875
2.16400003433228	258.654449462891
2.16799998283386	304.410186767578
2.17199993133545	260.523284912109
2.17600011825562	270.939910888672
2.1800000667572	265.308959960938
2.18400001525879	226.247055053711
2.18799996376038	253.601806640625
2.19199991226196	244.177047729492
2.19600009918213	254.973098754883
2.20000004768372	281.179077148438
2.2039999961853	274.502777099609
2.20799994468689	236.194305419922
2.21199989318848	208.698303222656
2.21600008010864	259.840545654297
2.22000002861023	240.600784301758
2.22399997711182	215.802886962891
2.2279999256134	229.674560546875
2.23200011253357	227.433135986328
2.23600006103516	278.343048095703
2.24000000953674	271.776153564453
2.24399995803833	222.974212646484
2.24799990653992	257.237945556641
2.25200009346008	282.278076171875
2.25600004196167	238.902099609375
2.25999999046326	245.64582824707
2.26399993896484	214.536849975586
2.26799988746643	197.28401184082
2.2720000743866	209.077499389648
2.27600002288818	192.401794433594
2.27999997138977	238.660888671875
2.28399991989136	263.427886962891
2.28800010681152	185.524154663086
2.29200005531311	250.148513793945
2.2960000038147	212.42350769043
2.29999995231628	206.927917480469
2.30399990081787	208.597457885742
2.30800008773804	200.49885559082
2.31200003623962	219.500961303711
2.31599998474121	210.740875244141
2.3199999332428	205.393325805664
2.32399988174438	180.237075805664
2.32800006866455	225.467376708984
2.33200001716614	171.478652954102
2.33599996566772	211.641586303711
2.33999991416931	175.013336181641
2.34400010108948	195.681625366211
2.34800004959106	184.764663696289
2.35199999809265	196.862442016602
2.35599994659424	199.175964355469
2.35999989509583	188.732086181641
2.36400008201599	193.247207641602
2.36800003051758	192.492172241211
2.37199997901917	182.345138549805
2.37599992752075	187.592498779297
2.38000011444092	155.676498413086
2.3840000629425	174.439910888672
2.38800001144409	175.239379882813
2.39199995994568	197.724212646484
2.39599990844727	175.267608642578
2.40000009536743	159.368865966797
2.40400004386902	217.190582275391
2.40799999237061	196.528381347656
2.41199994087219	159.912536621094
2.41599988937378	183.776184082031
2.42000007629395	150.814727783203
2.42400002479553	170.595657348633
2.42799997329712	155.81005859375
2.43199992179871	153.74382019043
2.43600010871887	159.28092956543
2.44000005722046	150.451034545898
2.44400000572205	168.849319458008
2.44799995422363	160.336898803711
2.45199990272522	181.945068359375
2.45600008964539	154.87451171875
2.46000003814697	154.840866088867
2.46399998664856	145.327560424805
2.46799993515015	186.532501220703
2.47199988365173	130.090209960938
2.4760000705719	135.379516601563
2.48000001907349	140.418823242188
2.48399996757507	159.043121337891
2.48799991607666	160.813247680664
2.49200010299683	125.556854248047
2.49600005149841	151.962783813477
2.5	142.168960571289
2.50399994850159	152.070846557617
2.50799989700317	157.267044067383
2.51200008392334	136.570022583008
2.51600003242493	146.793151855469
2.51999998092651	133.246429443359
2.5239999294281	139.723556518555
2.52800011634827	139.766387939453
2.53200006484985	135.106246948242
2.53600001335144	150.201354980469
2.53999996185303	153.63688659668
2.54399991035461	124.847541809082
2.54800009727478	123.142372131348
2.55200004577637	156.451766967773
2.55599999427795	139.30632019043
2.55999994277954	148.958633422852
2.56399989128113	150.986740112305
2.56800007820129	140.818389892578
2.57200002670288	116.94059753418
2.57599997520447	125.200439453125
2.57999992370605	115.096611022949
2.58400011062622	113.847373962402
2.58800005912781	135.846328735352
2.59200000762939	148.464981079102
2.59599995613098	158.588821411133
2.59999990463257	109.071182250977
2.60400009155273	116.587738037109
2.60800004005432	134.858642578125
2.61199998855591	121.920265197754
2.6159999370575	139.146026611328
2.61999988555908	111.839347839355
2.62400007247925	86.9883575439453
2.62800002098083	120.736297607422
2.63199996948242	113.820991516113
2.63599991798401	92.2194137573242
2.64000010490417	127.31778717041
2.64400005340576	115.97093963623
2.64800000190735	125.07007598877
2.65199995040894	125.321884155273
2.65599989891052	138.969146728516
2.66000008583069	143.274917602539
2.66400003433228	91.8428192138672
2.66799998283386	101.107360839844
2.67199993133545	112.024444580078
2.67600011825562	96.5048980712891
2.6800000667572	105.169387817383
2.68400001525879	102.98706817627
2.68799996376038	108.327461242676
2.69199991226196	98.9851684570313
2.69600009918213	118.753623962402
2.70000004768372	82.062385559082
2.7039999961853	100.247337341309
2.70799994468689	113.15771484375
2.71199989318848	106.637237548828
2.71600008010864	98.5567474365234
2.72000002861023	103.783096313477
2.72399997711182	95.5422286987305
2.7279999256134	110.725898742676
2.73200011253357	110.155906677246
2.73600006103516	81.8283920288086
2.74000000953674	97.0086059570313
2.74399995803833	105.596038818359
2.74799990653992	90.2176055908203
2.75200009346008	105.522766113281
2.75600004196167	110.055465698242
2.75999999046326	103.671279907227
2.76399993896484	110.16284942627
2.76799988746643	80.1956939697266
2.7720000743866	89.2350997924805
2.77600002288818	90.6290893554688
2.77999997138977	80.0328216552734
2.78399991989136	77.2144317626953
2.78800010681152	113.472724914551
2.79200005531311	73.4999237060547
2.7960000038147	91.6057357788086
2.79999995231628	95.9266052246094
2.80399990081787	98.9345245361328
2.80800008773804	93.9493103027344
2.81200003623962	85.2585525512695
2.81599998474121	88.6477813720703
2.8199999332428	71.5666275024414
2.82399988174438	69.8515548706055
2.82800006866455	105.081207275391
2.83200001716614	85.5706176757813
2.83599996566772	88.2432403564453
2.83999991416931	85.7643661499023
2.84400010108948	95.9944000244141
2.84800004959106	73.1834716796875
2.85199999809265	87.2569198608398
2.85599994659424	61.9513244628906
2.85999989509583	86.9279327392578
2.86400008201599	55.028247833252
2.86800003051758	75.0402984619141
2.87199997901917	71.5568389892578
2.87599992752075	75.0982971191406
2.88000011444092	78.100227355957
2.8840000629425	91.7054214477539
2.88800001144409	86.9144897460938
2.89199995994568	83.2405090332031
2.89599990844727	74.9918518066406
2.90000009536743	58.1157417297363
2.90400004386902	60.6008529663086
2.90799999237061	52.1694221496582
2.91199994087219	78.5318145751953
2.91599988937378	74.7838973999023
2.92000007629395	85.2952728271484
2.92400002479553	64.845947265625
2.92799997329712	61.7013816833496
2.93199992179871	69.8900833129883
2.93600010871887	60.5025672912598
2.94000005722046	53.5561943054199
2.94400000572205	60.5778694152832
2.94799995422363	74.938606262207
2.95199990272522	67.0184478759766
2.95600008964539	48.6950759887695
2.96000003814697	60.2646827697754
2.96399998664856	60.7926559448242
2.96799993515015	68.0450744628906
2.97199988365173	51.9680023193359
2.9760000705719	78.3071746826172
2.98000001907349	48.0797843933105
2.98399996757507	71.6487731933594
2.98799991607666	71.544921875
2.99200010299683	56.5931434631348
2.99600005149841	48.5725708007813
3	78.7011947631836
3.00399994850159	62.160099029541
3.00799989700317	56.519401550293
3.01200008392334	55.5102462768555
3.01600003242493	73.5225601196289
3.01999998092651	58.6296768188477
3.0239999294281	63.2941627502441
3.02800011634827	48.6557235717773
3.03200006484985	58.6143608093262
3.03600001335144	48.3482933044434
3.03999996185303	36.8649215698242
3.04399991035461	48.3638610839844
3.04800009727478	55.2599067687988
3.05200004577637	43.1061363220215
3.05599999427795	45.1496658325195
3.05999994277954	44.7153625488281
3.06399989128113	63.1372451782227
3.06800007820129	75.4671783447266
3.07200002670288	38.4047203063965
3.07599997520447	60.5765533447266
3.07999992370605	48.2691650390625
3.08400011062622	48.4067230224609
3.08800005912781	58.496150970459
3.09200000762939	45.6024017333984
3.09599995613098	60.5288314819336
3.09999990463257	48.2425994873047
3.10400009155273	48.6568756103516
3.10800004005432	39.1016883850098
3.11199998855591	59.655143737793
3.1159999370575	46.7282447814941
3.11999988555908	54.9134941101074
3.12400007247925	70.5932769775391
3.12800002098083	45.1369209289551
3.13199996948242	46.4163436889648
3.13599991798401	49.7623596191406
3.14000010490417	45.1150779724121
3.14400005340576	42.0402336120605
3.14800000190735	51.7242813110352
3.15199995040894	40.5362663269043
3.15599989891052	41.4221878051758
3.16000008583069	48.4882392883301
3.16400003433228	38.0966415405273
3.16799998283386	50.2009048461914
3.17199993133545	43.7734336853027
3.17600011825562	45.2048759460449
3.1800000667572	50.0019950866699
3.18400001525879	39.950080871582
3.18799996376038	38.3106575012207
3.19199991226196	44.8263816833496
3.19600009918213	30.2056636810303
3.20000004768372	40.173942565918
3.2039999961853	53.5782890319824
3.20799994468689	55.0428314208984
3.21199989318848	41.9081802368164
3.21600008010864	62.1438217163086
3.22000002861023	36.899959564209
3.22399997711182	20.1261577606201
3.2279999256134	24.9834537506104
3.23200011253357	53.4866218566895
3.23600006103516	55.4525299072266
3.24000000953674	35.0924453735352
3.24399995803833	43.0478935241699
3.24799990653992	40.1308975219727
3.25200009346008	33.1757736206055
3.25600004196167	48.4258308410645
3.25999999046326	33.2118110656738
3.26399993896484	40.4778366088867
3.26799988746643	55.8695793151855
3.2720000743866	43.6454696655273
3.27600002288818	43.1444511413574
3.27999997138977	41.705623626709
3.28399991989136	33.0425186157227
3.28800010681152	46.8349227905273
3.29200005531311	38.3706321716309
3.2960000038147	46.4896354675293
3.29999995231628	43.3491516113281
3.30399990081787	39.8742561340332
3.30800008773804	26.7457828521729
3.31200003623962	28.3801116943359
3.31599998474121	33.6197662353516
3.3199999332428	35.2668952941895
3.32399988174438	33.6744079589844
3.32800006866455	28.4167671203613
3.33200001716614	31.9167423248291
3.33599996566772	35.7166481018066
3.33999991416931	43.3904762268066
3.34400010108948	38.2877197265625
3.34800004959106	46.8815307617188
3.35199999809265	33.6132316589355
3.35599994659424	50.4091033935547
3.35999989509583	31.792797088623
3.36400008201599	32.0089645385742
3.36800003051758	23.4216384887695
3.37199997901917	31.8759346008301
3.37599992752075	23.2794570922852
3.38000011444092	36.9963417053223
3.3840000629425	21.9586315155029
3.38800001144409	19.9161720275879
3.39199995994568	20.2023677825928
3.39599990844727	19.6925640106201
3.40000009536743	30.0541744232178
3.40400004386902	41.9121704101563
3.40799999237061	41.9968681335449
3.41199994087219	31.8935527801514
3.41599988937378	25.1355285644531
3.42000007629395	38.4779739379883
3.42400002479553	31.8101558685303
3.42799997329712	30.1127967834473
3.43199992179871	31.8850078582764
3.43600010871887	34.9518699645996
3.44000005722046	41.6614189147949
3.44400000572205	28.2664165496826
3.44799995422363	37.0858993530273
3.45199990272522	20.1550159454346
3.45600008964539	29.6620750427246
3.46000003814697	33.2078247070313
3.46399998664856	29.9674701690674
3.46799993515015	33.5708618164063
3.47199988365173	25.2776069641113
3.4760000705719	31.8994464874268
3.48000001907349	19.8792762756348
3.48399996757507	30.3497734069824
3.48799991607666	33.6133880615234
3.49200010299683	40.2265472412109
3.49600005149841	30.2138843536377
3.5	35.0927810668945
3.50399994850159	19.8631801605225
3.50799989700317	21.6135406494141
3.51200008392334	28.3079662322998
3.51600003242493	23.2988929748535
3.51999998092651	14.9653549194336
3.5239999294281	18.2967052459717
3.52800011634827	25.1020488739014
3.53200006484985	32.2154006958008
3.53600001335144	26.7258129119873
3.53999996185303	28.3489170074463
3.54399991035461	16.8034229278564
3.54800009727478	26.5555362701416
3.55200004577637	29.968677520752
3.55599999427795	15.2132349014282
3.55999994277954	28.2996139526367
3.56399989128113	20.080020904541
3.56800007820129	26.5720310211182
3.57200002670288	21.4772834777832
3.57599997520447	28.2400608062744
3.57999992370605	18.3986225128174
3.58400011062622	11.7910041809082
3.58800005912781	16.7094955444336
3.59200000762939	26.7203102111816
3.59599995613098	16.541145324707
3.59999990463257	21.6916255950928
3.60400009155273	28.4206829071045
3.60800004005432	26.4994640350342
3.61199998855591	23.4772911071777
3.6159999370575	19.8136501312256
3.61999988555908	25.1474876403809
3.62400007247925	18.0283279418945
3.62800002098083	28.285364151001
3.63199996948242	27.052282333374
3.63599991798401	42.0672302246094
3.64000010490417	35.0275001525879
3.64400005340576	25.1501865386963
3.64800000190735	34.9958419799805
3.65199995040894	23.5029850006104
3.65599989891052	15.1330184936523
3.66000008583069	15.115797996521
3.66400003433228	13.3902311325073
3.66799998283386	20.01243019104
3.67199993133545	15.2182836532593
3.67600011825562	13.1419639587402
3.6800000667572	13.1466245651245
3.68400001525879	25.029125213623
3.68799996376038	20.0071754455566
3.69199991226196	28.008321762085
3.69600009918213	16.5073356628418
3.70000004768372	16.745849609375
3.7039999961853	14.9724340438843
3.70799994468689	21.7348403930664
3.71199989318848	15.2307605743408
3.71600008010864	23.6253871917725
3.72000002861023	9.97785472869873
3.72399997711182	15.1902294158936
3.7279999256134	19.8837776184082
3.73200011253357	16.8653430938721
3.73600006103516	24.822603225708
3.74000000953674	9.89478588104248
3.74399995803833	20.0898551940918
3.74799990653992	13.348352432251
3.75200009346008	14.987964630127
3.75600004196167	16.7006492614746
3.75999999046326	13.3168601989746
3.76399993896484	13.3595371246338
3.76799988746643	18.3978652954102
3.7720000743866	15.3802223205566
3.77600002288818	18.503137588501
3.77999997138977	18.2711143493652
3.78399991989136	11.7483167648315
3.78800010681152	20.274133682251
3.79200005531311	29.9941215515137
3.7960000038147	11.6078834533691
3.79999995231628	11.685622215271
3.80399990081787	14.8237867355347
3.80800008773804	11.6553468704224
3.81200003623962	16.5637359619141
3.81599998474121	13.4699745178223
3.8199999332428	11.5262002944946
3.82399988174438	11.7878789901733
3.82800006866455	8.36019611358643
3.83200001716614	16.7134799957275
3.83599996566772	13.4132242202759
3.83999991416931	6.61420869827271
3.84400010108948	16.6787605285645
3.84800004959106	23.0437431335449
3.85199999809265	18.3887920379639
3.85599994659424	10.2059803009033
3.85999989509583	16.7351112365723
3.86400008201599	18.5894165039063
3.86800003051758	26.846040725708
3.87199997901917	10.242506980896
3.87599992752075	18.2523498535156
3.88000011444092	13.3362264633179
3.8840000629425	19.9822883605957
3.88800001144409	16.6397933959961
3.89199995994568	20.1603469848633
3.89599990844727	15.07643699646
3.90000009536743	11.6685562133789
3.90400004386902	15.1221828460693
3.90799999237061	16.5527076721191
3.91199994087219	20.0463466644287
3.91599988937378	13.3460206985474
3.92000007629395	10.2357368469238
3.92400002479553	16.5810260772705
3.92799997329712	13.2245559692383
3.93199992179871	25.284049987793
3.93600010871887	8.3699836730957
3.94000005722046	3.24296426773071
3.94400000572205	18.5404109954834
3.94799995422363	20.1806163787842
3.95199990272522	15.0184421539307
3.95600008964539	10.0298185348511
3.96000003814697	13.5082406997681
3.96399998664856	13.4210138320923
3.96799993515015	21.8693885803223
3.97199988365173	11.5346393585205
3.9760000705719	1.68620979785919
3.98000001907349	10.0481767654419
3.98399996757507	13.4266681671143
3.98799991607666	9.84660720825195
3.99200010299683	6.6291036605835
3.99600005149841	15.2956466674805
4	8.3112621307373
4.00400018692017	15.1065092086792
4.00799989700317	16.6702289581299
4.01200008392334	18.2617111206055
4.01599979400635	10.0281839370728
4.01999998092651	14.9595022201538
4.02400016784668	13.5911750793457
4.02799987792969	6.61336040496826
4.03200006484985	16.5580520629883
4.03599977493286	13.219762802124
4.03999996185303	13.186713218689
4.04400014877319	8.41330242156982
4.0479998588562	5.15917110443115
4.05200004577637	8.29562664031982
4.05600023269653	18.3441123962402
4.05999994277954	11.6506490707397
4.06400012969971	5.05858898162842
4.06799983978271	4.87106370925903
4.07200002670288	3.32623291015625
4.07600021362305	5.06080389022827
4.07999992370605	11.5600128173828
4.08400011062622	10.0534200668335
4.08799982070923	6.73334121704102
4.09200000762939	14.8973417282104
4.09600019454956	13.3812808990479
4.09999990463257	15.1878814697266
4.10400009155273	5.07155513763428
4.10799980163574	8.32400226593018
4.11199998855591	14.9359436035156
4.11600017547607	15.1181669235229
4.11999988555908	6.7329421043396
4.12400007247925	8.41806411743164
4.12799978256226	13.2868185043335
4.13199996948242	13.3144779205322
4.13600015640259	6.50293207168579
4.1399998664856	13.3663005828857
4.14400005340576	6.68071126937866
4.14799976348877	9.93904495239258
4.15199995040894	3.35000920295715
4.1560001373291	4.95942974090576
4.15999984741211	5.01470136642456
4.16400003433228	4.97180366516113
4.16800022125244	13.4432525634766
4.17199993133545	11.6443147659302
4.17600011825562	6.72929048538208
4.17999982833862	3.34473204612732
4.18400001525879	11.6176481246948
4.18800020217896	8.45062923431396
4.19199991226196	15.0813694000244
4.19600009918213	5.06703042984009
4.19999980926514	14.9197578430176
4.2039999961853	11.5221672058105
4.20800018310547	13.5252237319946
4.21199989318848	6.75393486022949
4.21600008010864	10.0078315734863
4.21999979019165	13.4790563583374
4.22399997711182	6.81966638565063
4.22800016403198	13.402153968811
4.23199987411499	6.77746772766113
4.23600006103516	6.82683610916138
4.23999977111816	11.7629022598267
4.24399995803833	8.35002422332764
4.2480001449585	11.6796207427979
4.2519998550415	13.3681221008301
4.25600004196167	6.63022708892822
4.26000022888184	11.3875932693481
4.26399993896484	1.66690587997437
4.26800012588501	6.74413061141968
4.27199983596802	6.78371667861938
4.27600002288818	8.40514945983887
4.28000020980835	3.34657120704651
4.28399991989136	15.1898937225342
4.28800010681152	13.4480981826782
4.29199981689453	18.3062114715576
4.2960000038147	8.20730113983154
4.30000019073486	9.96662139892578
4.30399990081787	3.36324572563171
4.30800008773804	8.47038459777832
4.31199979782104	3.42056107521057
4.31599998474121	10.086669921875
4.32000017166138	6.85450887680054
4.32399988174438	8.47083759307861
4.32800006866455	6.62760591506958
4.33199977874756	6.77040338516235
4.33599996566772	3.42247080802917
4.34000015258789	5.00669145584106
4.3439998626709	11.6282339096069
4.34800004959106	11.8680963516235
4.35200023651123	8.4706392288208
4.35599994659424	6.5767297744751
4.3600001335144	10.0091962814331
4.36399984359741	8.41382122039795
4.36800003051758	8.29999160766602
4.37200021743774	10.1483325958252
4.37599992752075	3.26019191741943
4.38000011444092	1.74632883071899
4.38399982452393	5.11159038543701
4.38800001144409	11.6335515975952
4.39200019836426	11.5951051712036
4.39599990844727	1.65773868560791
4.40000009536743	8.25997924804688
4.40399980545044	11.7680196762085
4.40799999237061	8.29415798187256
4.41200017929077	5.09180641174316
4.41599988937378	6.71826267242432
4.42000007629395	1.64356887340546
4.42399978637695	9.94732475280762
4.42799997329712	6.58917713165283
