TR_S06_PTO_LAO(100)_600c_200mT_1000sh_2hz_XRR_04082026	
2θ, °	Intensity, cps
0	2711695
0.00400000018998981	2875351.75
0.00800000037997961	2930282.25
0.0120000001043081	2931811.75
0.0160000007599592	2843873.75
0.0199999995529652	2740898.75
0.0240000002086163	2676941.5
0.0280000008642673	2455027.25
0.0320000015199184	2062666.625
0.0359999984502792	1505162.25
0.0399999991059303	925954.8125
0.0439999997615814	546868.125
0.0480000004172325	301363.84375
0.0520000010728836	170364.984375
0.0560000017285347	102009.796875
0.0599999986588955	58948.61328125
0.0640000030398369	40723.1171875
0.068000003695488	31864.208984375
0.0719999969005585	26579.23828125
0.0759999975562096	26141.59765625
0.0799999982118607	26495.16015625
0.0839999988675117	26559.873046875
0.0879999995231628	27465.072265625
0.0920000001788139	28432.2421875
0.096000000834465	29913.41796875
0.100000001490116	31276.572265625
0.104000002145767	32447.955078125
0.108000002801418	34402.8125
0.112000003457069	35200.46484375
0.11599999666214	36570.4296875
0.119999997317791	38055.2265625
0.123999997973442	40090.4453125
0.128000006079674	41888.05078125
0.131999999284744	43841.14453125
0.136000007390976	45287.5
0.140000000596046	47214.34375
0.143999993801117	49084.08203125
0.148000001907349	50750.74609375
0.151999995112419	53042.20703125
0.156000003218651	54489.33203125
0.159999996423721	56577.5859375
0.164000004529953	57637.0234375
0.167999997735023	58882.13671875
0.172000005841255	59598.15234375
0.175999999046326	60430.75390625
0.180000007152557	60978.6875
0.184000000357628	61565.0703125
0.187999993562698	61713.4296875
0.19200000166893	63422.796875
0.195999994874001	63650.34375
0.200000002980232	63943.609375
0.203999996185303	64471.02734375
0.208000004291534	64359.75390625
0.211999997496605	65061.06640625
0.216000005602837	64841.40625
0.219999998807907	67553.1640625
0.224000006914139	67172.71875
0.228000000119209	68655.4296875
0.23199999332428	70395.75
0.236000001430511	71411.7890625
0.239999994635582	71386.09375
0.244000002741814	72621
0.247999995946884	73160.6171875
0.252000004053116	73655.6015625
0.256000012159348	74913.359375
0.259999990463257	76808.609375
0.263999998569489	77691.7734375
0.26800000667572	78961.7734375
0.272000014781952	78585.9609375
0.275999993085861	80333.1015625
0.280000001192093	80935.5234375
0.284000009298325	82742.8359375
0.287999987602234	84294.9453125
0.291999995708466	83417.4453125
0.296000003814697	85472.890625
0.300000011920929	86236.9921875
0.303999990224838	86670.609375
0.30799999833107	87427.46875
0.312000006437302	88588.015625
0.316000014543533	90289.21875
0.319999992847443	90133.046875
0.324000000953674	91792.5625
0.328000009059906	90876.8203125
0.331999987363815	94601.1328125
0.335999995470047	92654.296875
0.340000003576279	95562.9453125
0.34400001168251	94973.4140625
0.34799998998642	97260.8125
0.351999998092651	97836.3828125
0.356000006198883	98428.8671875
0.360000014305115	98948.7421875
0.363999992609024	99843.0390625
0.368000000715256	101207.6484375
0.372000008821487	100687.5625
0.375999987125397	102870.9609375
0.379999995231628	102005.640625
0.38400000333786	105144.1796875
0.388000011444092	105086.953125
0.391999989748001	105052.4921875
0.395999997854233	105328.6875
0.400000005960464	107217.25
0.404000014066696	107937.6328125
0.407999992370605	107955.6171875
0.412000000476837	109195.703125
0.416000008583069	109916.84375
0.419999986886978	110708.75
0.42399999499321	111309.421875
0.428000003099442	111571.5546875
0.432000011205673	111691.34375
0.435999989509583	112824.5390625
0.439999997615814	113474.0390625
0.444000005722046	113964.046875
0.448000013828278	114958.2265625
0.451999992132187	114855.5390625
0.456000000238419	116784.5
0.46000000834465	116910.4765625
0.46399998664856	116644.65625
0.467999994754791	117653.4296875
0.472000002861023	118956.1171875
0.476000010967255	118593.8984375
0.479999989271164	119844.09375
0.483999997377396	118834.046875
0.488000005483627	121056.8515625
0.492000013589859	120654.203125
0.495999991893768	120188.5234375
0.5	120312.125
0.504000008106232	119929.453125
0.508000016212463	122137.046875
0.512000024318695	122033.5234375
0.515999972820282	121945.078125
0.519999980926514	123836.71875
0.523999989032745	122727.2109375
0.527999997138977	123235.703125
0.532000005245209	123633.59375
0.53600001335144	122418.46875
0.540000021457672	122836.7421875
0.544000029563904	122914.796875
0.547999978065491	122992.296875
0.551999986171722	122474.7578125
0.555999994277954	122773.5
0.560000002384186	122529.5390625
0.564000010490417	121543.25
0.568000018596649	122785.171875
0.572000026702881	123009.203125
0.575999975204468	121483.4375
0.579999983310699	120680.1640625
0.583999991416931	120895.6328125
0.587999999523163	121140.1640625
0.592000007629395	120629.59375
0.596000015735626	119562.1796875
0.600000023841858	118443.484375
0.603999972343445	118152.1484375
0.607999980449677	117458.828125
0.611999988555908	116049.203125
0.61599999666214	114793.296875
0.620000004768372	113229.921875
0.624000012874603	112225.5234375
0.628000020980835	110576.4375
0.632000029087067	109527.5546875
0.635999977588654	107802.8203125
0.639999985694885	105241.28125
0.643999993801117	103602.8671875
0.648000001907349	100654.4375
0.65200001001358	99129.96875
0.656000018119812	94814.9296875
0.660000026226044	92254.921875
0.663999974727631	89208.9296875
0.667999982833862	87049.5
0.671999990940094	82571
0.675999999046326	79425.40625
0.680000007152557	75632.9765625
0.684000015258789	72728.3515625
0.688000023365021	68671.2734375
0.691999971866608	64595.4765625
0.695999979972839	60013.2734375
0.699999988079071	56293.828125
0.703999996185303	53489.5390625
0.708000004291534	49196.42578125
0.712000012397766	46980.17578125
0.716000020503998	43338.9296875
0.720000028610229	39715.578125
0.723999977111816	36190.25390625
0.727999985218048	35157.86328125
0.73199999332428	32391.498046875
0.736000001430511	29466.341796875
0.740000009536743	27266.53515625
0.744000017642975	25454.919921875
0.748000025749207	23866.478515625
0.751999974250793	21859.044921875
0.755999982357025	21130.677734375
0.759999990463257	19112.4609375
0.763999998569489	18337.998046875
0.76800000667572	17162.759765625
0.772000014781952	16272.54296875
0.776000022888184	14872.482421875
0.779999971389771	14054.0478515625
0.783999979496002	13392.1474609375
0.787999987602234	12825.0576171875
0.791999995708466	11826.3544921875
0.796000003814697	11057.802734375
0.800000011920929	10501.759765625
0.804000020027161	10120.6298828125
0.808000028133392	9452.58984375
0.811999976634979	8534.84375
0.815999984741211	8666.8720703125
0.819999992847443	7858.44970703125
0.824000000953674	7473.6337890625
0.828000009059906	7179.71484375
0.832000017166138	6968.27392578125
0.836000025272369	6493.484375
0.839999973773956	6298.20068359375
0.843999981880188	6039.9443359375
0.84799998998642	5753.994140625
0.851999998092651	5311.162109375
0.856000006198883	5025.8115234375
0.860000014305115	4901.18896484375
0.864000022411346	4762.6318359375
0.867999970912933	4638.17333984375
0.871999979019165	4343.5078125
0.875999987125397	4024.18872070313
0.879999995231628	3930.287109375
0.88400000333786	3806.72216796875
0.888000011444092	3537.2041015625
0.892000019550323	3594.38891601563
0.896000027656555	3558.30737304688
0.899999976158142	3232.47216796875
0.903999984264374	3084.05639648438
0.907999992370605	2873.50048828125
0.912000000476837	2909.61962890625
0.916000008583069	2794.27099609375
0.920000016689301	2826.16870117188
0.924000024795532	2540.31713867188
0.927999973297119	2516.29760742188
0.931999981403351	2359.64477539063
0.935999989509583	2297.4580078125
0.939999997615814	2172.67895507813
0.944000005722046	2098.19946289063
0.948000013828278	2056.2119140625
0.952000021934509	2098.02978515625
0.955999970436096	1874.50524902344
0.959999978542328	1775.41967773438
0.96399998664856	1758.7470703125
0.967999994754791	1727.72045898438
0.972000002861023	1721.34594726563
0.976000010967255	1698.46533203125
0.980000019073486	1636.61401367188
0.984000027179718	1488.98510742188
0.987999975681305	1501.26171875
0.991999983787537	1410.52197265625
0.995999991893768	1383.21765136719
1	1406.88366699219
1.00399994850159	1217.33642578125
1.00800001621246	1190.3212890625
1.01199996471405	1178.59851074219
1.01600003242493	1249.970703125
1.01999998092651	1245.2314453125
1.02400004863739	1144.16345214844
1.02799999713898	1085.07727050781
1.03199994564056	1013.87158203125
1.03600001335144	1031.59240722656
1.03999996185303	1010.30743408203
1.0440000295639	944.263732910156
1.04799997806549	906.8681640625
1.05200004577637	819.12353515625
1.05599999427795	918.692138671875
1.05999994277954	931.326599121094
1.06400001049042	835.09423828125
1.067999958992	862.471557617188
1.07200002670288	835.015380859375
1.07599997520447	819.317749023438
1.08000004291534	779.99755859375
1.08399999141693	738.044372558594
1.08800005912781	747.211120605469
1.09200000762939	665.321166992188
1.09599995613098	669.952514648438
1.10000002384186	721.114562988281
1.10399997234344	747.661071777344
1.10800004005432	617.983337402344
1.11199998855591	684.223693847656
1.11600005626678	621.716430664063
1.12000000476837	600.803771972656
1.12399995326996	644.234802246094
1.12800002098083	570.323120117188
1.13199996948242	588.351318359375
1.1360000371933	628.376770019531
1.13999998569489	572.884582519531
1.14400005340576	552.65625
1.14800000190735	561.247375488281
1.15199995040894	517.455688476563
1.15600001811981	527.985595703125
1.1599999666214	542.973937988281
1.16400003433228	481.178466796875
1.16799998283386	487.662902832031
1.17200005054474	438.165466308594
1.17599999904633	516.234985351563
1.17999994754791	467.668548583984
1.18400001525879	404.253479003906
1.18799996376038	446.217864990234
1.19200003147125	441.824829101563
1.19599997997284	388.523071289063
1.20000004768372	391.321350097656
1.2039999961853	337.581146240234
1.20799994468689	437.932067871094
1.21200001239777	424.790191650391
1.21599996089935	462.5322265625
1.22000002861023	378.278411865234
1.22399997711182	388.703643798828
1.22800004482269	407.320037841797
1.23199999332428	346.590850830078
1.23599994182587	372.010223388672
1.24000000953674	312.292755126953
1.24399995803833	380.879180908203
1.24800002574921	289.288604736328
1.25199997425079	325.708221435547
1.25600004196167	381.705963134766
1.25999999046326	316.360748291016
1.26400005817413	268.2763671875
1.26800000667572	296.843902587891
1.27199995517731	352.813446044922
1.27600002288818	213.523620605469
1.27999997138977	240.268035888672
1.28400003910065	289.083801269531
1.28799998760223	286.829864501953
1.29200005531311	309.777282714844
1.2960000038147	274.434722900391
1.29999995231628	308.392608642578
1.30400002002716	240.608093261719
1.30799996852875	294.622344970703
1.31200003623962	205.388549804688
1.31599998474121	205.300140380859
1.32000005245209	220.053512573242
1.32400000095367	193.163604736328
1.32799994945526	217.059921264648
1.33200001716614	237.077072143555
1.33599996566772	223.706954956055
1.3400000333786	238.419372558594
1.34399998188019	208.36279296875
1.34800004959106	225.899795532227
1.35199999809265	220.635482788086
1.35599994659424	208.059906005859
1.36000001430511	212.223083496094
1.3639999628067	206.808258056641
1.36800003051758	149.551177978516
1.37199997901917	177.137115478516
1.37600004673004	191.508773803711
1.37999999523163	195.12092590332
1.38399994373322	169.695358276367
1.38800001144409	202.295715332031
1.39199995994568	195.830474853516
1.39600002765656	175.830001831055
1.39999997615814	116.755935668945
1.40400004386902	192.823791503906
1.40799999237061	172.692840576172
1.41199994087219	189.049011230469
1.41600000858307	152.486618041992
1.41999995708466	166.679565429688
1.42400002479553	140.635879516602
1.42799997329712	122.707214355469
1.432000041008	141.819412231445
1.43599998950958	129.449111938477
1.44000005722046	141.670959472656
1.44400000572205	129.302169799805
1.44799995422363	119.594764709473
1.45200002193451	110.50724029541
1.4559999704361	109.541976928711
1.46000003814697	100.994697570801
1.46399998664856	122.931335449219
1.46800005435944	138.977401733398
1.47200000286102	98.2493362426758
1.47599995136261	122.749877929688
1.48000001907349	135.786422729492
1.48399996757507	94.7062835693359
1.48800003528595	122.625114440918
1.49199998378754	126.216827392578
1.49600005149841	123.609970092773
1.5	94.5039443969727
1.50399994850159	98.0710220336914
1.50800001621246	132.743194580078
1.51199996471405	104.188385009766
1.51600003242493	78.3564987182617
1.51999998092651	101.297225952148
1.52400004863739	129.713592529297
1.52799999713898	59.5462799072266
1.53199994564056	82.7607421875
1.53600001335144	88.588737487793
1.53999996185303	94.8279647827148
1.5440000295639	88.9322738647461
1.54799997806549	69.4848098754883
1.55200004577637	103.323348999023
1.55599999427795	66.3004379272461
1.55999994277954	66.8729629516602
1.56400001049042	69.1473236083984
1.567999958992	79.8798446655273
1.57200002670288	97.958854675293
1.57599997520447	87.7799606323242
1.58000004291534	90.9543304443359
1.58399999141693	56.877857208252
1.58800005912781	94.8833618164063
1.59200000762939	63.3692321777344
1.59599995613098	53.810173034668
1.60000002384186	62.2143440246582
1.60399997234344	66.2804336547852
1.60800004005432	66.3525314331055
1.61199998855591	72.5011596679688
1.61600005626678	66.4902114868164
1.62000000476837	47.3908882141113
1.62399995326996	37.7828521728516
1.62800002098083	60.1262855529785
1.63199996948242	56.5042610168457
1.6360000371933	56.3217697143555
1.63999998569489	72.8498992919922
1.64400005340576	69.1231918334961
1.64800000190735	56.5772361755371
1.65199995040894	66.4343872070313
1.65600001811981	98.1664047241211
1.6599999666214	53.9206008911133
1.66400003433228	40.4797134399414
1.66799998283386	47.289794921875
1.67200005054474	66.5997695922852
1.67599999904633	43.8920631408691
1.67999994754791	43.3466949462891
1.68400001525879	49.5512161254883
1.68799996376038	56.6294555664063
1.69200003147125	54.0775718688965
1.69599997997284	37.6875762939453
1.70000004768372	47.4304161071777
1.7039999961853	34.7000465393066
1.70799994468689	31.8557357788086
1.71200001239777	28.5476093292236
1.71599996089935	53.6783103942871
1.72000002861023	47.1889533996582
1.72399997711182	46.9973373413086
1.72800004482269	44.0923233032227
1.73199999332428	44.2435340881348
1.73599994182587	18.6025543212891
1.74000000953674	69.0271987915039
1.74399995803833	47.1258659362793
1.74800002574921	47.4267425537109
1.75199997425079	28.4420757293701
1.75600004196167	41.2233200073242
1.75999999046326	37.5938415527344
1.76400005817413	40.696475982666
1.76800000667572	46.6210823059082
1.77199995517731	22.3139572143555
1.77600002288818	53.4550590515137
1.77999997138977	34.6164932250977
1.78400003910065	25.0506153106689
1.78799998760223	38.1225776672363
1.79200005531311	68.4255523681641
1.7960000038147	44.5474319458008
1.79999995231628	18.8652191162109
1.80400002002716	37.6157455444336
1.80799996852875	15.5274229049683
1.81200003623962	43.9877510070801
1.81599998474121	18.8736591339111
1.82000005245209	25.5431137084961
1.82400000095367	25.0102348327637
1.82799994945526	37.7721557617188
1.83200001716614	12.6966495513916
1.83599996566772	28.0822868347168
1.8400000333786	43.6017379760742
1.84399998188019	31.3355598449707
1.84800004959106	12.3377990722656
1.85199999809265	21.9495887756348
1.85599994659424	12.1997985839844
1.86000001430511	15.6267986297607
1.8639999628067	22.0806560516357
1.86800003051758	25.1747512817383
1.87199997901917	40.7043991088867
1.87600004673004	12.716968536377
1.87999999523163	15.7109661102295
1.88399994373322	22.2883491516113
1.88800001144409	18.6511154174805
1.89199995994568	9.47534275054932
1.89600002765656	25.1219635009766
1.89999997615814	6.47360849380493
1.90400004386902	25.1514739990234
1.90799999237061	22.0634155273438
1.91199994087219	31.112232208252
1.91600000858307	3.11201596260071
1.91999995708466	18.6991691589355
1.92400002479553	9.17576122283936
1.92799997329712	44.5760765075684
1.932000041008	28.5724601745605
1.93599998950958	12.386176109314
1.94000005722046	6.50433683395386
1.94400000572205	12.6052980422974
1.94799995422363	16.3969135284424
1.95200002193451	15.708194732666
1.9559999704361	28.6895217895508
1.96000003814697	9.50361824035645
1.96399998664856	16.2003536224365
1.96800005435944	15.8822565078735
1.97200000286102	15.7265501022339
1.97599995136261	9.51137447357178
1.98000001907349	12.89111328125
1.98399996757507	22.2585182189941
1.98800003528595	15.6199645996094
1.99199998378754	19.0601463317871
1.99600005149841	19.0439395904541
2	21.8744869232178
2.00399994850159	15.7737989425659
2.00799989700317	15.6729431152344
2.01200008392334	18.9486541748047
2.01600003242493	9.49847793579102
2.01999998092651	9.52632999420166
2.0239999294281	12.5682201385498
2.02800011634827	15.6394290924072
2.03200006484985	19.2257633209229
2.03600001335144	12.9863901138306
2.03999996185303	3.13436460494995
2.04399991035461	15.6496477127075
2.04800009727478	6.13784265518188
2.05200004577637	6.41307687759399
2.05599999427795	3.16571187973022
2.05999994277954	0
2.06399989128113	16.3635082244873
2.06800007820129	16.1001110076904
2.07200002670288	6.34227323532104
2.07599997520447	6.22333860397339
2.07999992370605	3.05680990219116
2.08400011062622	9.37659645080566
2.08800005912781	3.17590427398682
2.09200000762939	19.1428546905518
2.09599995613098	9.43184566497803
2.09999990463257	22.4758052825928
2.10400009155273	9.39073371887207
2.10800004005432	9.60821723937988
2.11199998855591	6.37790727615356
2.1159999370575	6.32769775390625
2.11999988555908	12.7537117004395
2.12400007247925	3.0634663105011
2.12800002098083	3.22268319129944
2.13199996948242	9.27526092529297
2.13599991798401	16.0508098602295
2.14000010490417	22.1726951599121
2.14400005340576	9.19127082824707
2.14800000190735	6.27852439880371
2.15199995040894	15.8383588790894
2.15599989891052	6.23424959182739
2.16000008583069	6.47626304626465
2.16400003433228	9.52348041534424
2.16799998283386	3.16412115097046
2.17199993133545	6.19231414794922
2.17600011825562	12.6483488082886
2.1800000667572	0
2.18400001525879	0
2.18799996376038	6.26223850250244
2.19199991226196	6.17050552368164
2.19600009918213	6.15116596221924
2.20000004768372	9.38645076751709
2.2039999961853	6.51701307296753
2.20799994468689	9.48709964752197
2.21199989318848	9.60347461700439
2.21600008010864	9.70270442962646
2.22000002861023	0
2.22399997711182	12.7160329818726
2.2279999256134	3.12317752838135
2.23200011253357	12.2769823074341
2.23600006103516	6.20048141479492
2.24000000953674	6.35486316680908
2.24399995803833	6.31208658218384
2.24799990653992	9.4130687713623
2.25200009346008	3.09700751304626
2.25600004196167	6.37640714645386
2.25999999046326	6.22323656082153
2.26399993896484	3.1830792427063
2.26799988746643	9.37040996551514
2.2720000743866	9.34521389007568
2.27600002288818	15.8854026794434
2.27999997138977	3.15109896659851
2.28399991989136	0
2.28800010681152	6.50591850280762
2.29200005531311	6.24424314498901
2.2960000038147	3.10720539093018
2.29999995231628	6.16686582565308
2.30399990081787	3.01631951332092
2.30800008773804	9.48495674133301
2.31200003623962	6.33169984817505
2.31599998474121	0
2.3199999332428	6.28428602218628
2.32399988174438	0
2.32800006866455	0
2.33200001716614	6.41566228866577
2.33599996566772	12.4778938293457
2.33999991416931	9.53992176055908
2.34400010108948	3.13806056976318
2.34800004959106	6.22014236450195
2.35199999809265	6.52080678939819
2.35599994659424	9.76454162597656
2.35999989509583	0
2.36400008201599	3.08569502830505
2.36800003051758	9.28895282745361
2.37199997901917	3.09049701690674
2.37599992752075	0
2.38000011444092	6.45613670349121
2.3840000629425	6.0652756690979
2.38800001144409	3.24935126304626
2.39199995994568	3.14589142799377
2.39599990844727	6.19094133377075
2.40000009536743	6.34398889541626
2.40400004386902	0
2.40799999237061	0
2.41199994087219	15.558445930481
2.41599988937378	9.45194244384766
2.42000007629395	3.11677360534668
2.42400002479553	3.07309126853943
2.42799997329712	6.1596736907959
2.43199992179871	3.06600451469421
2.43600010871887	12.3478736877441
2.44000005722046	3.2146942615509
2.44400000572205	6.26266527175903
2.44799995422363	3.06507253646851
2.45199990272522	3.28964281082153
2.45600008964539	6.30585908889771
2.46000003814697	0
2.46399998664856	9.4395637512207
2.46799993515015	6.43272542953491
2.47199988365173	6.31414651870728
2.4760000705719	3.08332419395447
2.48000001907349	6.34413719177246
2.48399996757507	9.50059700012207
2.48799991607666	6.20940494537354
2.49200010299683	3.14469218254089
2.49600005149841	6.39629507064819
2.5	3.04246664047241
2.50399994850159	0
2.50799989700317	6.26106929779053
2.51200008392334	0
2.51600003242493	0
2.51999998092651	6.21576166152954
2.5239999294281	3.22527027130127
2.52800011634827	3.07562112808228
2.53200006484985	3.06507253646851
2.53600001335144	0
2.53999996185303	0
2.54399991035461	0
2.54800009727478	3.18109464645386
2.55200004577637	12.6992311477661
2.55599999427795	3.12787365913391
2.55999994277954	3.00212454795837
2.56399989128113	0
2.56800007820129	3.27193140983582
2.57200002670288	3.21723675727844
2.57599997520447	0
2.57999992370605	0
2.58400011062622	6.16404390335083
2.58800005912781	0
2.59200000762939	6.42700719833374
2.59599995613098	3.23812580108643
2.59999990463257	3.17801904678345
2.60400009155273	3.02563643455505
2.60800004005432	0
2.61199998855591	0
2.6159999370575	3.09700751304626
2.61999988555908	6.39480781555176
2.62400007247925	3.08332419395447
2.62800002098083	3.17806148529053
2.63199996948242	3.2136082649231
2.63599991798401	0
2.64000010490417	6.42965793609619
2.64400005340576	0
2.64800000190735	3.21723675727844
2.65199995040894	3.29174280166626
2.65599989891052	9.45849704742432
2.66000008583069	6.18346357345581
2.66400003433228	3.10203433036804
2.66799998283386	0
2.67199993133545	0
2.67600011825562	0
2.6800000667572	9.39798545837402
2.68400001525879	3.18109464645386
2.68799996376038	3.01129198074341
2.69199991226196	3.04937529563904
2.69600009918213	0
2.70000004768372	0
2.7039999961853	0
2.70799994468689	6.40060234069824
2.71199989318848	0
2.71600008010864	3.0634663105011
2.72000002861023	6.14093637466431
2.72399997711182	3.14192628860474
2.7279999256134	0
2.73200011253357	0
2.73600006103516	0
2.74000000953674	0
2.74399995803833	0
2.74799990653992	0
2.75200009346008	0
2.75600004196167	3.13683199882507
2.75999999046326	3.30340909957886
2.76399993896484	3.18452000617981
2.76799988746643	3.13693833351135
2.7720000743866	3.24937510490417
2.77600002288818	0
2.77999997138977	6.35627746582031
2.78399991989136	6.40610599517822
2.78800010681152	0
2.79200005531311	3.2136082649231
2.7960000038147	6.23264408111572
2.79999995231628	3.19561624526978
2.80399990081787	0
2.80800008773804	0
2.81200003623962	6.17857503890991
2.81599998474121	3.11726975440979
2.8199999332428	3.12221646308899
2.82399988174438	0
2.82800006866455	0
2.83200001716614	0
2.83599996566772	3.0634663105011
2.83999991416931	3.14386415481567
2.84400010108948	3.08116626739502
2.84800004959106	3.18563652038574
2.85199999809265	3.06507253646851
2.85599994659424	3.18627238273621
2.85999989509583	3.17590427398682
2.86400008201599	3.08332419395447
2.86800003051758	0
2.87199997901917	0
2.87599992752075	0
2.88000011444092	3.09537482261658
2.8840000629425	6.40243816375732
2.88800001144409	0
2.89199995994568	0
2.89599990844727	0
2.90000009536743	0
2.90400004386902	3.07393383979797
2.90799999237061	3.10916233062744
