TR_S05_PTO_STO(100)_600c_200mT_1000sh_2hz_film RC_04092026	
2θ, °	Intensity, cps
18	0
18.0049991607666	13.7028980255127
18.0100002288818	0
18.0149993896484	0
18.0200004577637	13.5242509841919
18.0249996185303	0
18.0300006866455	13.6665172576904
18.0349998474121	0
18.0400009155273	13.8331336975098
18.0450000762939	13.7705059051514
18.0499992370605	0
18.0550003051758	0
18.0599994659424	27.5484943389893
18.0650005340576	27.6837100982666
18.0699996948242	0
18.0750007629395	0
18.0799999237061	0
18.0849990844727	0
18.0900001525879	0
18.0949993133545	14.0997476577759
18.1000003814697	0
18.1049995422363	0
18.1100006103516	0
18.1149997711182	13.7528247833252
18.1200008392334	0
18.125	0
18.1299991607666	0
18.1350002288818	0
18.1399993896484	0
18.1450004577637	14.1080408096313
18.1499996185303	0
18.1550006866455	0
18.1599998474121	13.5220413208008
18.1650009155273	0
18.1700000762939	0
18.1749992370605	0
18.1800003051758	0
18.1849994659424	0
18.1900005340576	0
18.1949996948242	0
18.2000007629395	0
18.2049999237061	14.0654249191284
18.2099990844727	13.4777336120605
18.2150001525879	0
18.2199993133545	0
18.2250003814697	0
18.2299995422363	0
18.2350006103516	0
18.2399997711182	0
18.2450008392334	0
18.25	0
18.2549991607666	0
18.2600002288818	0
18.2649993896484	14.0015392303467
18.2700004577637	0
18.2749996185303	0
18.2800006866455	27.4450531005859
18.2849998474121	0
18.2900009155273	0
18.2950000762939	0
18.2999992370605	0
18.3050003051758	0
18.3099994659424	0
18.3150005340576	14.281270980835
18.3199996948242	14.9247121810913
18.3250007629395	14.0433149337769
18.3299999237061	0
18.3349990844727	0
18.3400001525879	13.9910488128662
18.3449993133545	0
18.3500003814697	14.0070600509644
18.3549995422363	14.4532346725464
18.3600006103516	0
18.3649997711182	0
18.3700008392334	0
18.375	0
18.3799991607666	0
18.3850002288818	0
18.3899993896484	0
18.3950004577637	14.4500894546509
18.3999996185303	13.9984683990479
18.4050006866455	0
18.4099998474121	0
18.4150009155273	0
18.4200000762939	0
18.4249992370605	0
18.4300003051758	0
18.4349994659424	13.8218908309937
18.4400005340576	14.6440601348877
18.4449996948242	0
18.4500007629395	13.7688903808594
18.4549999237061	0
18.4599990844727	0
18.4650001525879	0
18.4699993133545	28.3198585510254
18.4750003814697	13.8455438613892
18.4799995422363	0
18.4850006103516	0
18.4899997711182	0
18.4950008392334	4.47368431091309
18.5	0
18.5049991607666	0
18.5100002288818	0
18.5149993896484	0
18.5200004577637	27.3868026733398
18.5249996185303	14.0307216644287
18.5300006866455	0
18.5349998474121	0
18.5400009155273	14.2865724563599
18.5450000762939	14.2592163085938
18.5499992370605	27.4520053863525
18.5550003051758	0
18.5599994659424	4.59471845626831
18.5650005340576	0
18.5699996948242	0
18.5750007629395	0
18.5799999237061	0
18.5849990844727	13.7701873779297
18.5900001525879	14.1119909286499
18.5949993133545	0
18.6000003814697	0
18.6049995422363	13.5827655792236
18.6100006103516	0
18.6149997711182	14.400408744812
18.6200008392334	0
18.625	0
18.6299991607666	0
18.6350002288818	0
18.6399993896484	14.133150100708
18.6450004577637	0
18.6499996185303	0
18.6550006866455	0
18.6599998474121	0
18.6650009155273	0
18.6700000762939	0
18.6749992370605	0
18.6800003051758	14.0410203933716
18.6849994659424	0
18.6900005340576	4.4210057258606
18.6949996948242	0
18.7000007629395	0
18.7049999237061	0
18.7099990844727	0
18.7150001525879	0
18.7199993133545	0
18.7250003814697	14.6700220108032
18.7299995422363	4.47422647476196
18.7350006103516	13.5955781936646
18.7399997711182	0
18.7450008392334	0
18.75	0
18.7549991607666	0
18.7600002288818	13.858847618103
18.7649993896484	0
18.7700004577637	0
18.7749996185303	0
18.7800006866455	0
18.7849998474121	14.633563041687
18.7900009155273	0
18.7950000762939	0
18.7999992370605	27.9803428649902
18.8050003051758	14.1817331314087
18.8099994659424	0
18.8150005340576	0
18.8199996948242	0
18.8250007629395	29.7596035003662
18.8299999237061	0
18.8349990844727	0
18.8400001525879	42.3092193603516
18.8449993133545	14.3225526809692
18.8500003814697	0
18.8549995422363	14.0570373535156
18.8600006103516	13.8769769668579
18.8649997711182	0
18.8700008392334	0
18.875	0
18.8799991607666	13.8110609054565
18.8850002288818	0
18.8899993896484	0
18.8950004577637	4.69047927856445
18.8999996185303	0
18.9050006866455	13.4473466873169
18.9099998474121	0
18.9150009155273	0
18.9200000762939	14.1204042434692
18.9249992370605	0
18.9300003051758	0
18.9349994659424	27.5399303436279
18.9400005340576	0
18.9449996948242	0
18.9500007629395	0
18.9549999237061	0
18.9599990844727	0
18.9650001525879	0
18.9699993133545	0
18.9750003814697	4.61921358108521
18.9799995422363	0
18.9850006103516	0
18.9899997711182	0
18.9950008392334	0
19	0
19.0049991607666	41.4142150878906
19.0100002288818	0
19.0149993896484	0
19.0200004577637	14.0331411361694
19.0249996185303	0
19.0300006866455	0
19.0349998474121	0
19.0400009155273	13.5751838684082
19.0450000762939	42.7334060668945
19.0499992370605	0
19.0550003051758	0
19.0599994659424	0
19.0650005340576	14.51828956604
19.0699996948242	0
19.0750007629395	4.45718860626221
19.0799999237061	14.1226072311401
19.0849990844727	0
19.0900001525879	0
19.0949993133545	0
19.1000003814697	0
19.1049995422363	0
19.1100006103516	0
19.1149997711182	14.0326356887817
19.1200008392334	0
19.125	0
19.1299991607666	0
19.1350002288818	0
19.1399993896484	0
19.1450004577637	0
19.1499996185303	0
19.1550006866455	14.0550498962402
19.1599998474121	0
19.1650009155273	14.3022651672363
19.1700000762939	0
19.1749992370605	0
19.1800003051758	0
19.1849994659424	0
19.1900005340576	0
19.1949996948242	0
19.2000007629395	4.64527750015259
19.2049999237061	13.41197681427
19.2099990844727	0
19.2150001525879	0
19.2199993133545	0
19.2250003814697	0
19.2299995422363	13.8933296203613
19.2350006103516	0
19.2399997711182	0
19.2450008392334	0
19.25	13.6872310638428
19.2549991607666	0
19.2600002288818	0
19.2649993896484	0
19.2700004577637	0
19.2749996185303	27.1940670013428
19.2800006866455	0
19.2849998474121	0
19.2900009155273	14.1422529220581
19.2950000762939	14.2792634963989
19.2999992370605	14.067268371582
19.3050003051758	13.6686563491821
19.3099994659424	0
19.3150005340576	28.2185077667236
19.3199996948242	13.7922401428223
19.3250007629395	14.1327838897705
19.3299999237061	0
19.3349990844727	0
19.3400001525879	0
19.3449993133545	41.2844390869141
19.3500003814697	27.6947212219238
19.3549995422363	0
19.3600006103516	0
19.3649997711182	0
19.3700008392334	0
19.375	4.51167058944702
19.3799991607666	0
19.3850002288818	0
19.3899993896484	0
19.3950004577637	0
19.3999996185303	13.6552352905273
19.4050006866455	0
19.4099998474121	0
19.4150009155273	0
19.4200000762939	0
19.4249992370605	0
19.4300003051758	41.6891632080078
19.4349994659424	14.3174047470093
19.4400005340576	0
19.4449996948242	13.8481216430664
19.4500007629395	0
19.4549999237061	0
19.4599990844727	0
19.4650001525879	0
19.4699993133545	0
19.4750003814697	0
19.4799995422363	13.6094331741333
19.4850006103516	0
19.4899997711182	13.2983589172363
19.4950008392334	14.2410449981689
19.5	0
19.5049991607666	13.9999122619629
19.5100002288818	0
19.5149993896484	0
19.5200004577637	27.3657703399658
19.5249996185303	14.3947649002075
19.5300006866455	0
19.5349998474121	13.6996698379517
19.5400009155273	0
19.5450000762939	14.4106578826904
19.5499992370605	27.21266746521
19.5550003051758	0
19.5599994659424	13.9102201461792
19.5650005340576	13.9783792495728
19.5699996948242	27.8344631195068
19.5750007629395	14.2361211776733
19.5799999237061	0
19.5849990844727	13.9076490402222
19.5900001525879	0
19.5949993133545	27.1406230926514
19.6000003814697	13.8218908309937
19.6049995422363	28.3490619659424
19.6100006103516	13.545711517334
19.6149997711182	13.48512840271
19.6200008392334	32.4739837646484
19.625	0
19.6299991607666	0
19.6350002288818	0
19.6399993896484	0
19.6450004577637	0
19.6499996185303	0
19.6550006866455	28.3725547790527
19.6599998474121	0
19.6650009155273	0
19.6700000762939	0
19.6749992370605	0
19.6800003051758	32.6422462463379
19.6849994659424	0
19.6900005340576	0
19.6949996948242	0
19.7000007629395	0
19.7049999237061	13.4315891265869
19.7099990844727	0
19.7150001525879	0
19.7199993133545	14.705545425415
19.7250003814697	0
19.7299995422363	0
19.7350006103516	0
19.7399997711182	0
19.7450008392334	0
19.75	0
19.7549991607666	0
19.7600002288818	13.599684715271
19.7649993896484	0
19.7700004577637	0
19.7749996185303	0
19.7800006866455	0
19.7849998474121	0
19.7900009155273	0
19.7950000762939	13.5252523422241
19.7999992370605	0
19.8050003051758	0
19.8099994659424	0
19.8150005340576	13.7061567306519
19.8199996948242	14.3419761657715
19.8250007629395	0
19.8299999237061	13.9192991256714
19.8349990844727	0
19.8400001525879	0
19.8449993133545	0
19.8500003814697	0
19.8549995422363	13.5696029663086
19.8600006103516	26.6378650665283
19.8649997711182	13.5631923675537
19.8700008392334	0
19.875	0
19.8799991607666	0
19.8850002288818	0
19.8899993896484	13.7504644393921
19.8950004577637	0
19.8999996185303	14.3611936569214
19.9050006866455	14.1369981765747
19.9099998474121	0
19.9150009155273	13.7794284820557
19.9200000762939	13.7888879776001
19.9249992370605	0
19.9300003051758	13.5357971191406
19.9349994659424	0
19.9400005340576	0
19.9449996948242	0
19.9500007629395	0
19.9549999237061	0
19.9599990844727	14.2857456207275
19.9650001525879	0
19.9699993133545	14.2704944610596
19.9750003814697	13.9138488769531
19.9799995422363	13.3896970748901
19.9850006103516	0
19.9899997711182	0
19.9950008392334	0
20	0
20.0049991607666	14.6584768295288
20.0100002288818	0
20.0149993896484	0
20.0200004577637	4.54037809371948
20.0249996185303	0
20.0300006866455	0
20.0349998474121	0
20.0400009155273	14.1243190765381
20.0450000762939	0
20.0499992370605	0
20.0550003051758	0
20.0599994659424	0
20.0650005340576	0
20.0699996948242	13.8396625518799
20.0750007629395	0
20.0799999237061	0
20.0849990844727	0
20.0900001525879	27.6284122467041
20.0949993133545	13.359673500061
20.1000003814697	14.51828956604
20.1049995422363	0
20.1100006103516	13.6651496887207
20.1149997711182	0
20.1200008392334	4.56443452835083
20.125	14.1085786819458
20.1299991607666	28.4077396392822
20.1350002288818	14.1806316375732
20.1399993896484	0
20.1450004577637	0
20.1499996185303	0
20.1550006866455	0
20.1599998474121	0
20.1650009155273	0
20.1700000762939	0
20.1749992370605	0
20.1800003051758	0
20.1849994659424	13.61696434021
20.1900005340576	14.0873670578003
20.1949996948242	14.0678262710571
20.2000007629395	14.0071039199829
20.2049999237061	13.8400745391846
20.2099990844727	14.1609210968018
20.2150001525879	0
20.2199993133545	0
20.2250003814697	0
20.2299995422363	0
20.2350006103516	0
20.2399997711182	14.1041250228882
20.2450008392334	4.60109758377075
20.25	0
20.2549991607666	0
20.2600002288818	0
20.2649993896484	0
20.2700004577637	0
20.2749996185303	0
20.2800006866455	0
20.2849998474121	14.0962314605713
20.2900009155273	13.8963298797607
20.2950000762939	0
20.2999992370605	0
20.3050003051758	0
20.3099994659424	14.5624618530273
20.3150005340576	13.5163717269897
20.3199996948242	13.6308841705322
20.3250007629395	0
20.3299999237061	13.7775726318359
20.3349990844727	0
20.3400001525879	0
20.3449993133545	28.8693561553955
20.3500003814697	14.6313810348511
20.3549995422363	27.6952037811279
20.3600006103516	28.2875881195068
20.3649997711182	0
20.3700008392334	0
20.375	0
20.3799991607666	0
20.3850002288818	0
20.3899993896484	0
20.3950004577637	18.7251892089844
20.3999996185303	13.8287830352783
20.4050006866455	13.7888879776001
20.4099998474121	0
20.4150009155273	0
20.4200000762939	0
20.4249992370605	0
20.4300003051758	14.0997476577759
20.4349994659424	41.3402786254883
20.4400005340576	13.5943841934204
20.4449996948242	0
20.4500007629395	14.1619663238525
20.4549999237061	0
20.4599990844727	0
20.4650001525879	0
20.4699993133545	0
20.4750003814697	0
20.4799995422363	0
20.4850006103516	0
20.4899997711182	0
20.4950008392334	13.6198043823242
20.5	0
20.5049991607666	14.1389942169189
20.5100002288818	0
20.5149993896484	0
20.5200004577637	13.5543174743652
20.5249996185303	0
20.5300006866455	0
20.5349998474121	13.902904510498
20.5400009155273	0
20.5450000762939	14.0331411361694
20.5499992370605	0
20.5550003051758	0
20.5599994659424	0
20.5650005340576	0
20.5699996948242	0
20.5750007629395	13.711368560791
20.5799999237061	18.2501621246338
20.5849990844727	14.011890411377
20.5900001525879	28.1073513031006
20.5949993133545	14.4069528579712
20.6000003814697	0
20.6049995422363	13.7749147415161
20.6100006103516	0
20.6149997711182	14.0852146148682
20.6200008392334	14.2182855606079
20.625	13.9353580474854
20.6299991607666	27.686466217041
20.6350002288818	14.9884347915649
20.6399993896484	4.70781421661377
20.6450004577637	0
20.6499996185303	28.75
20.6550006866455	0
20.6599998474121	0
20.6650009155273	0
20.6700000762939	13.1811094284058
20.6749992370605	4.7031307220459
20.6800003051758	0
20.6849994659424	13.4824247360229
20.6900005340576	0
20.6949996948242	0
20.7000007629395	0
20.7049999237061	27.9704246520996
20.7099990844727	0
20.7150001525879	13.9771337509155
20.7199993133545	0
20.7250003814697	42.6988906860352
20.7299995422363	0
20.7350006103516	0
20.7399997711182	0
20.7450008392334	0
20.75	0
20.7549991607666	13.3163356781006
20.7600002288818	0
20.7649993896484	4.48699712753296
20.7700004577637	18.7778377532959
20.7749996185303	14.6584768295288
20.7800006866455	0
20.7849998474121	14.2072219848633
20.7900009155273	13.5316495895386
20.7950000762939	0
20.7999992370605	0
20.8050003051758	0
20.8099994659424	27.8524875640869
20.8150005340576	27.4132595062256
20.8199996948242	13.6661672592163
20.8250007629395	0
20.8299999237061	28.0762233734131
20.8349990844727	0
20.8400001525879	0
20.8449993133545	0
20.8500003814697	14.6526432037354
20.8549995422363	28.3638706207275
20.8600006103516	0
20.8649997711182	0
20.8700008392334	0
20.875	0
20.8799991607666	0
20.8850002288818	0
20.8899993896484	14.9247121810913
20.8950004577637	0
20.8999996185303	14.056770324707
20.9050006866455	13.9910488128662
20.9099998474121	0
20.9150009155273	0
20.9200000762939	0
20.9249992370605	0
20.9300003051758	0
20.9349994659424	0
20.9400005340576	0
20.9449996948242	0
20.9500007629395	13.7010736465454
20.9549999237061	13.6193780899048
20.9599990844727	14.0072793960571
20.9650001525879	14.2049007415771
20.9699993133545	13.6996698379517
20.9750003814697	0
20.9799995422363	14.0039567947388
20.9850006103516	0
20.9899997711182	4.45272254943848
20.9950008392334	14.6822900772095
21	4.68971586227417
21.0049991607666	13.8651065826416
21.0100002288818	0
21.0149993896484	13.9561338424683
21.0200004577637	0
21.0249996185303	0
21.0300006866455	0
21.0349998474121	0
21.0400009155273	14.4701452255249
21.0450000762939	0
21.0499992370605	13.8457536697388
21.0550003051758	14.7260551452637
21.0599994659424	13.8303928375244
21.0650005340576	14.0884351730347
21.0699996948242	27.3916969299316
21.0750007629395	14.0940885543823
21.0799999237061	14.1140651702881
21.0849990844727	13.954119682312
21.0900001525879	13.5955495834351
21.0949993133545	27.7158107757568
21.1000003814697	27.549596786499
21.1049995422363	14.2522506713867
21.1100006103516	27.9338550567627
21.1149997711182	41.3460273742676
21.1200008392334	13.2258148193359
21.125	0
21.1299991607666	0
21.1350002288818	27.1883487701416
21.1399993896484	0
21.1450004577637	0
21.1499996185303	28.4119892120361
21.1550006866455	13.2575540542603
21.1599998474121	0
21.1650009155273	27.3351287841797
21.1700000762939	28.748722076416
21.1749992370605	0
21.1800003051758	0
21.1849994659424	0
21.1900005340576	0
21.1949996948242	13.9444856643677
21.2000007629395	0
21.2049999237061	14.1562700271606
21.2099990844727	0
21.2150001525879	27.8161869049072
21.2199993133545	0
21.2250003814697	0
21.2299995422363	0
21.2350006103516	27.9706039428711
21.2399997711182	0
21.2450008392334	0
21.25	13.7234716415405
21.2549991607666	42.2052192687988
21.2600002288818	14.1466379165649
21.2649993896484	0
21.2700004577637	13.6730461120605
21.2749996185303	0
21.2800006866455	18.4231948852539
21.2849998474121	0
21.2900009155273	14.3493747711182
21.2950000762939	28.5141658782959
21.2999992370605	0
21.3050003051758	13.5803203582764
21.3099994659424	0
21.3150005340576	0
21.3199996948242	0
21.3250007629395	0
21.3299999237061	15.1924924850464
21.3349990844727	27.2949600219727
21.3400001525879	14.2817878723145
21.3449993133545	14.2997627258301
21.3500003814697	4.45718860626221
21.3549995422363	13.7966079711914
21.3600006103516	4.48699712753296
21.3649997711182	0
21.3700008392334	4.71675109863281
21.375	17.9115467071533
21.3799991607666	14.0024089813232
21.3850002288818	0
21.3899993896484	0
21.3950004577637	14.1745948791504
21.3999996185303	0
21.4050006866455	13.6558218002319
21.4099998474121	0
21.4150009155273	13.6269979476929
21.4200000762939	13.6177082061768
21.4249992370605	0
21.4300003051758	14.7380237579346
21.4349994659424	0
21.4400005340576	13.540735244751
21.4449996948242	0
21.4500007629395	13.6972045898438
21.4549999237061	28.3941650390625
21.4599990844727	0
21.4650001525879	19.0720882415771
21.4699993133545	0
21.4750003814697	14.1040420532227
21.4799995422363	13.9487152099609
21.4850006103516	13.4571046829224
21.4899997711182	13.6341094970703
21.4950008392334	13.6130428314209
21.5	27.601375579834
21.5049991607666	13.6179733276367
21.5100002288818	28.3627700805664
21.5149993896484	14.2817878723145
21.5200004577637	41.1275939941406
21.5249996185303	0
21.5300006866455	27.8759670257568
21.5349998474121	13.9138488769531
21.5400009155273	13.8326358795166
21.5450000762939	13.7294578552246
21.5499992370605	0
21.5550003051758	0
21.5599994659424	0
21.5650005340576	27.8703689575195
21.5699996948242	0
21.5750007629395	19.1655616760254
21.5799999237061	4.55120944976807
21.5849990844727	13.4773874282837
21.5900001525879	0
21.5949993133545	0
21.6000003814697	0
21.6049995422363	0
21.6100006103516	27.7602996826172
21.6149997711182	4.69047927856445
21.6200008392334	43.2912101745605
21.625	13.6765079498291
21.6299991607666	0
21.6350002288818	0
21.6399993896484	14.1928405761719
21.6450004577637	13.6993980407715
21.6499996185303	28.0666885375977
21.6550006866455	13.8319396972656
21.6599998474121	42.6267013549805
21.6650009155273	0
21.6700000762939	0
21.6749992370605	41.4225692749023
21.6800003051758	0
21.6849994659424	55.0380210876465
21.6900005340576	4.47465372085571
21.6949996948242	36.5921745300293
21.7000007629395	27.7896690368652
21.7049999237061	0
21.7099990844727	31.7112407684326
21.7150001525879	14.0024089813232
21.7199993133545	27.5591373443604
21.7250003814697	18.1554584503174
21.7299995422363	18.187068939209
21.7350006103516	27.9505577087402
21.7399997711182	14.4488306045532
21.7450008392334	28.1175479888916
21.75	14.1120700836182
21.7549991607666	0
21.7600002288818	28.3874759674072
21.7649993896484	14.4407529830933
21.7700004577637	13.7012176513672
21.7749996185303	27.4462947845459
21.7800006866455	13.9672803878784
21.7849998474121	28.3661212921143
21.7900009155273	27.5233364105225
21.7950000762939	18.0028190612793
21.7999992370605	0
21.8050003051758	13.3753061294556
21.8099994659424	18.7236289978027
21.8150005340576	55.5366973876953
21.8199996948242	26.9810676574707
21.8250007629395	47.0465278625488
21.8299999237061	27.5667190551758
21.8349990844727	0
21.8400001525879	27.6723575592041
21.8449993133545	32.5150146484375
21.8500003814697	14.7870349884033
21.8549995422363	4.51823139190674
21.8600006103516	13.906569480896
21.8649997711182	0
21.8700008392334	41.0353775024414
21.875	0
21.8799991607666	32.9327964782715
21.8850002288818	13.8788108825684
21.8899993896484	28.8513317108154
21.8950004577637	42.8203659057617
21.8999996185303	13.58118724823
21.9050006866455	40.8462677001953
21.9099998474121	17.9015350341797
21.9150009155273	27.4393043518066
21.9200000762939	31.8879280090332
21.9249992370605	27.5234470367432
21.9300003051758	13.5484962463379
21.9349994659424	61.2280960083008
21.9400005340576	41.4759941101074
21.9449996948242	54.6206588745117
21.9500007629395	27.8606567382813
21.9549999237061	14.1551856994629
21.9599990844727	37.2288093566895
21.9650001525879	13.8029928207397
21.9699993133545	64.4025039672852
21.9750003814697	88.0507507324219
21.9799995422363	118.58423614502
21.9850006103516	89.1417236328125
21.9899997711182	41.6785202026367
21.9950008392334	109.129280090332
22	59.8592567443848
22.0049991607666	64.9300231933594
22.0100002288818	102.916198730469
22.0149993896484	99.1984176635742
22.0200004577637	117.228904724121
22.0249996185303	126.059646606445
22.0300006866455	148.131362915039
22.0349998474121	13.7976217269897
22.0400009155273	27.6461277008057
22.0450000762939	173.242599487305
22.0499992370605	27.5469455718994
22.0550003051758	84.0580215454102
22.0599994659424	187.242034912109
22.0650005340576	98.5060577392578
22.0699996948242	13.6669368743896
22.0750007629395	45.7276382446289
22.0799999237061	96.9829025268555
22.0849990844727	55.8816146850586
22.0900001525879	41.8247489929199
22.0949993133545	98.0539855957031
22.1000003814697	97.1053009033203
22.1049995422363	55.6440811157227
22.1100006103516	41.5623054504395
22.1149997711182	102.68928527832
22.1200008392334	55.6267433166504
22.125	28.1463012695313
22.1299991607666	69.6349182128906
22.1350002288818	40.5336380004883
22.1399993896484	28.8145294189453
22.1450004577637	55.2785491943359
22.1499996185303	0
22.1550006866455	47.3579254150391
22.1599998474121	0
22.1650009155273	0
22.1700000762939	13.6744623184204
22.1749992370605	27.0653781890869
22.1800003051758	14.4895668029785
22.1849994659424	13.7888879776001
22.1900005340576	13.8490200042725
22.1949996948242	14.0676212310791
22.2000007629395	27.4008903503418
22.2049999237061	27.5298557281494
22.2099990844727	42.3205070495605
22.2150001525879	0
22.2199993133545	57.1330909729004
22.2250003814697	0
22.2299995422363	14.3754987716675
22.2350006103516	14.1302604675293
22.2399997711182	18.4188117980957
22.2450008392334	42.3146705627441
22.25	4.39768648147583
22.2549991607666	14.4496850967407
22.2600002288818	14.1088075637817
22.2649993896484	4.6010856628418
22.2700004577637	0
22.2749996185303	0
22.2800006866455	4.51167058944702
22.2849998474121	0
22.2900009155273	14.5374870300293
22.2950000762939	51.3645858764648
22.2999992370605	14.2522506713867
22.3050003051758	41.5322952270508
22.3099994659424	0
22.3150005340576	18.574348449707
22.3199996948242	13.8206796646118
22.3250007629395	26.8638172149658
22.3299999237061	13.6338520050049
22.3349990844727	0
22.3400001525879	28.0378856658936
22.3449993133545	0
22.3500003814697	13.6149787902832
22.3549995422363	13.5334539413452
22.3600006103516	0
22.3649997711182	14.0760869979858
22.3700008392334	27.5484237670898
22.375	27.6870002746582
22.3799991607666	0
22.3850002288818	14.51828956604
22.3899993896484	0
22.3950004577637	0
22.3999996185303	55.4212112426758
22.4050006866455	32.6727523803711
22.4099998474121	13.782696723938
22.4150009155273	41.6416702270508
22.4200000762939	13.8326358795166
22.4249992370605	27.696252822876
22.4300003051758	13.8396625518799
22.4349994659424	28.1150684356689
22.4400005340576	4.54037809371948
22.4449996948242	31.7390308380127
22.4500007629395	46.3223724365234
22.4549999237061	0
22.4599990844727	4.47465372085571
22.4650001525879	13.3149356842041
22.4699993133545	14.426383972168
22.4750003814697	13.7796144485474
22.4799995422363	55.5577201843262
22.4850006103516	27.1429405212402
22.4899997711182	41.5434303283691
22.4950008392334	27.5865230560303
22.5	27.8814888000488
22.5049991607666	0
22.5100002288818	13.7010736465454
22.5149993896484	27.621265411377
22.5200004577637	18.2800521850586
22.5249996185303	14.7260551452637
22.5300006866455	0
22.5349998474121	27.7896251678467
22.5400009155273	0
22.5450000762939	0
22.5499992370605	28.0223751068115
22.5550003051758	13.9703845977783
22.5599994659424	0
22.5650005340576	13.6637468338013
22.5699996948242	0
22.5750007629395	41.3190765380859
22.5799999237061	27.7483139038086
22.5849990844727	0
22.5900001525879	13.5803203582764
22.5949993133545	13.6026430130005
22.6000003814697	13.408953666687
22.6049995422363	0
22.6100006103516	41.7299919128418
22.6149997711182	13.3093786239624
22.6200008392334	4.3363995552063
22.625	28.4524021148682
22.6299991607666	18.319652557373
22.6350002288818	13.4948320388794
22.6399993896484	18.8852977752686
22.6450004577637	13.4777336120605
22.6499996185303	13.6714477539063
22.6550006866455	32.6566581726074
22.6599998474121	0
22.6650009155273	0
22.6700000762939	0
22.6749992370605	55.0376968383789
22.6800003051758	14.0001440048218
22.6849994659424	0
22.6900005340576	17.7757873535156
22.6949996948242	14.0302629470825
22.7000007629395	0
22.7049999237061	0
22.7099990844727	0
22.7150001525879	13.943829536438
22.7199993133545	0
22.7250003814697	13.4398050308228
22.7299995422363	0
22.7350006103516	18.3340587615967
22.7399997711182	0
22.7450008392334	13.8396625518799
22.75	27.4426746368408
22.7549991607666	13.768518447876
22.7600002288818	13.4386730194092
22.7649993896484	0
22.7700004577637	0
22.7749996185303	13.5920877456665
22.7800006866455	14.0335245132446
22.7849998474121	13.5052795410156
22.7900009155273	27.2800159454346
22.7950000762939	13.8975172042847
22.7999992370605	13.2575540542603
22.8050003051758	0
22.8099994659424	14.3678302764893
22.8150005340576	13.7724142074585
22.8199996948242	0
22.8250007629395	14.2993850708008
22.8299999237061	13.884485244751
22.8349990844727	0
22.8400001525879	27.9180469512939
22.8449993133545	14.2946548461914
22.8500003814697	27.5142230987549
22.8549995422363	45.8787002563477
22.8600006103516	0
22.8649997711182	0
22.8700008392334	14.0940885543823
22.875	0
22.8799991607666	14.0217523574829
22.8850002288818	0
22.8899993896484	0
22.8950004577637	14.1817541122437
22.8999996185303	18.2561798095703
22.9050006866455	0
22.9099998474121	0
22.9150009155273	18.4422645568848
22.9200000762939	27.4102840423584
22.9249992370605	41.334342956543
22.9300003051758	0
22.9349994659424	0
22.9400005340576	13.408953666687
22.9449996948242	42.2806777954102
22.9500007629395	0
22.9549999237061	0
22.9599990844727	14.1952447891235
22.9650001525879	0
22.9699993133545	0
22.9750003814697	13.6558218002319
22.9799995422363	27.757266998291
22.9850006103516	0
22.9899997711182	0
22.9950008392334	13.2206554412842
23	14.0279417037964
23.0049991607666	14.6208066940308
23.0100002288818	0
23.0149993896484	13.5761613845825
23.0200004577637	0
23.0249996185303	41.9447975158691
23.0300006866455	28.6522102355957
23.0349998474121	0
23.0400009155273	4.71675109863281
23.0450000762939	0
23.0499992370605	13.5484962463379
23.0550003051758	0
23.0599994659424	14.2817878723145
23.0650005340576	14.1873741149902
23.0699996948242	0
23.0750007629395	27.8630123138428
23.0799999237061	14.3493747711182
23.0849990844727	28.243070602417
23.0900001525879	0
23.0949993133545	14.0301399230957
23.1000003814697	13.5955781936646
23.1049995422363	27.8785266876221
23.1100006103516	4.63675212860107
23.1149997711182	14.9152355194092
23.1200008392334	13.7748146057129
23.125	13.6994104385376
23.1299991607666	0
23.1350002288818	0
23.1399993896484	0
23.1450004577637	0
23.1499996185303	27.6426792144775
23.1550006866455	0
23.1599998474121	13.6993980407715
23.1650009155273	0
23.1700000762939	0
23.1749992370605	28.0079746246338
23.1800003051758	13.8490200042725
23.1849994659424	0
23.1900005340576	0
23.1949996948242	4.60178422927856
23.2000007629395	0
23.2049999237061	0
23.2099990844727	13.7119512557983
23.2150001525879	0
23.2199993133545	13.7701873779297
23.2250003814697	0
23.2299995422363	28.394847869873
23.2350006103516	14.2383975982666
23.2399997711182	0
23.2450008392334	0
23.25	13.9422960281372
23.2549991607666	0
23.2600002288818	0
23.2649993896484	0
23.2700004577637	14.0839099884033
23.2749996185303	0
23.2800006866455	0
23.2849998474121	4.69047927856445
23.2900009155273	13.8294458389282
23.2950000762939	0
23.2999992370605	0
23.3050003051758	27.1236324310303
23.3099994659424	13.5440950393677
23.3150005340576	13.6524696350098
23.3199996948242	0
23.3250007629395	0
23.3299999237061	0
23.3349990844727	0
23.3400001525879	42.5750122070313
23.3449993133545	0
23.3500003814697	0
23.3549995422363	13.3881206512451
23.3600006103516	0
23.3649997711182	0
23.3700008392334	0
23.375	14.4743700027466
23.3799991607666	13.536961555481
23.3850002288818	0
23.3899993896484	0
23.3950004577637	13.6063070297241
23.3999996185303	0
23.4050006866455	41.4792861938477
23.4099998474121	0
23.4150009155273	0
23.4200000762939	13.902904510498
23.4249992370605	13.6805744171143
23.4300003051758	14.5654678344727
23.4349994659424	28.0495223999023
23.4400005340576	4.46766233444214
23.4449996948242	0
23.4500007629395	18.4473304748535
23.4549999237061	0
23.4599990844727	0
23.4650001525879	0
23.4699993133545	0
23.4750003814697	4.39972114562988
23.4799995422363	0
23.4850006103516	0
23.4899997711182	0
23.4950008392334	0
23.5	18.7441787719727
23.5049991607666	0
23.5100002288818	0
23.5149993896484	0
23.5200004577637	0
23.5249996185303	13.2361164093018
23.5300006866455	0
23.5349998474121	18.3555107116699
23.5400009155273	14.0259866714478
23.5450000762939	27.6992416381836
23.5499992370605	13.9646005630493
23.5550003051758	0
23.5599994659424	13.8741140365601
23.5650005340576	13.8354473114014
23.5699996948242	0
23.5750007629395	32.3906364440918
23.5799999237061	0
23.5849990844727	13.6552352905273
23.5900001525879	0
23.5949993133545	0
23.6000003814697	0
23.6049995422363	0
23.6100006103516	0
23.6149997711182	0
23.6200008392334	0
23.625	0
23.6299991607666	0
23.6350002288818	0
23.6399993896484	0
23.6450004577637	0
23.6499996185303	28.6152114868164
23.6550006866455	0
23.6599998474121	0
23.6650009155273	0
23.6700000762939	0
23.6749992370605	0
23.6800003051758	4.41980361938477
23.6849994659424	32.1618576049805
23.6900005340576	0
23.6949996948242	0
23.7000007629395	0
23.7049999237061	0
23.7099990844727	14.2255048751831
23.7150001525879	0
23.7199993133545	13.5777282714844
23.7250003814697	0
23.7299995422363	14.2936677932739
23.7350006103516	13.4239416122437
23.7399997711182	0
23.7450008392334	0
23.75	0
23.7549991607666	0
23.7600002288818	13.7467432022095
23.7649993896484	0
23.7700004577637	0
23.7749996185303	0
23.7800006866455	13.8188438415527
23.7849998474121	13.4824247360229
23.7900009155273	0
23.7950000762939	13.6613893508911
23.7999992370605	14.1440982818604
23.8050003051758	0
23.8099994659424	0
23.8150005340576	13.7731504440308
23.8199996948242	0
23.8250007629395	0
23.8299999237061	0
23.8349990844727	14.5426969528198
23.8400001525879	0
23.8449993133545	0
23.8500003814697	0
23.8549995422363	0
23.8600006103516	4.7016487121582
23.8649997711182	13.5316495895386
23.8700008392334	27.846549987793
23.875	42.4927864074707
23.8799991607666	0
23.8850002288818	0
23.8899993896484	14.3137359619141
23.8950004577637	0
23.8999996185303	0
23.9050006866455	14.3419761657715
23.9099998474121	0
23.9150009155273	27.6664581298828
23.9200000762939	0
23.9249992370605	0
23.9300003051758	4.60013771057129
23.9349994659424	0
23.9400005340576	0
23.9449996948242	0
23.9500007629395	0
23.9549999237061	0
23.9599990844727	0
23.9650001525879	13.781397819519
23.9699993133545	0
23.9750003814697	0
23.9799995422363	0
23.9850006103516	0
23.9899997711182	13.9561338424683
23.9950008392334	0
24	0
24.0049991607666	4.41833019256592
24.0100002288818	14.7992496490479
24.0149993896484	0
24.0200004577637	0
24.0249996185303	0
24.0300006866455	14.0921659469604
24.0349998474121	14.9247121810913
24.0400009155273	0
24.0450000762939	0
24.0499992370605	13.5666971206665
24.0550003051758	14.1651515960693
24.0599994659424	14.2647504806519
24.0650005340576	42.8491325378418
24.0699996948242	0
24.0750007629395	0
24.0799999237061	14.1997337341309
24.0849990844727	27.8304805755615
24.0900001525879	0
24.0949993133545	0
24.1000003814697	13.4532308578491
24.1049995422363	0
24.1100006103516	27.6724147796631
24.1149997711182	0
24.1200008392334	13.6026077270508
24.125	0
24.1299991607666	0
24.1350002288818	0
24.1399993896484	0
24.1450004577637	0
24.1499996185303	0
24.1550006866455	0
24.1599998474121	0
24.1650009155273	14.7380237579346
24.1700000762939	13.6128587722778
24.1749992370605	0
24.1800003051758	27.1476078033447
24.1849994659424	55.8299179077148
24.1900005340576	0
24.1949996948242	0
24.2000007629395	0
24.2049999237061	0
24.2099990844727	0
24.2150001525879	0
24.2199993133545	0
24.2250003814697	4.44542789459229
24.2299995422363	0
24.2350006103516	0
24.2399997711182	0
24.2450008392334	13.8658428192139
24.25	14.3742275238037
24.2549991607666	0
24.2600002288818	13.4269456863403
24.2649993896484	0
24.2700004577637	0
24.2749996185303	0
24.2800006866455	13.7519950866699
24.2849998474121	0
24.2900009155273	0
24.2950000762939	18.4790477752686
24.2999992370605	13.997838973999
24.3050003051758	0
24.3099994659424	13.759015083313
24.3150005340576	13.9153461456299
24.3199996948242	0
24.3250007629395	27.2741603851318
24.3299999237061	0
24.3349990844727	0
24.3400001525879	0
24.3449993133545	0
24.3500003814697	0
24.3549995422363	0
24.3600006103516	0
24.3649997711182	14.1833944320679
24.3700008392334	0
24.375	29.0356922149658
24.3799991607666	0
24.3850002288818	13.3896970748901
24.3899993896484	0
24.3950004577637	0
24.3999996185303	13.5666103363037
24.4050006866455	0
24.4099998474121	4.66613721847534
24.4150009155273	0
24.4200000762939	0
24.4249992370605	13.7041788101196
24.4300003051758	0
24.4349994659424	0
24.4400005340576	0
24.4449996948242	0
24.4500007629395	4.562255859375
24.4549999237061	28.6350574493408
24.4599990844727	13.8438491821289
24.4650001525879	0
24.4699993133545	0
24.4750003814697	13.8294458389282
24.4799995422363	0
24.4850006103516	13.78746509552
24.4899997711182	13.4082336425781
24.4950008392334	13.8426427841187
24.5	0
24.5049991607666	0
24.5100002288818	0
24.5149993896484	0
24.5200004577637	14.044807434082
24.5249996185303	0
24.5300006866455	0
24.5349998474121	27.6708736419678
24.5400009155273	0
24.5450000762939	14.1302604675293
24.5499992370605	0
24.5550003051758	14.6442861557007
24.5599994659424	4.41033458709717
24.5650005340576	0
24.5699996948242	0
24.5750007629395	0
24.5799999237061	4.41033458709717
24.5849990844727	14.1088075637817
24.5900001525879	0
24.5949993133545	14.2218780517578
24.6000003814697	0
24.6049995422363	0
24.6100006103516	27.6236724853516
24.6149997711182	13.6030988693237
24.6200008392334	0
24.625	0
24.6299991607666	0
24.6350002288818	0
24.6399993896484	0
24.6450004577637	13.2181777954102
24.6499996185303	0
24.6550006866455	14.9152355194092
24.6599998474121	4.51584911346436
24.6650009155273	0
24.6700000762939	0
24.6749992370605	27.0884704589844
24.6800003051758	14.1002225875854
24.6849994659424	14.5131015777588
24.6900005340576	13.8851070404053
24.6949996948242	0
24.7000007629395	0
24.7049999237061	4.63675212860107
24.7099990844727	0
24.7150001525879	14.1369981765747
24.7199993133545	0
24.7250003814697	0
24.7299995422363	13.6927366256714
24.7350006103516	4.61188316345215
24.7399997711182	0
24.7450008392334	0
24.75	14.0966415405273
24.7549991607666	0
24.7600002288818	0
24.7649993896484	13.8429708480835
24.7700004577637	0
24.7749996185303	0
24.7800006866455	0
24.7849998474121	0
24.7900009155273	13.4235954284668
24.7950000762939	0
24.7999992370605	0
24.8050003051758	0
24.8099994659424	0
24.8150005340576	0
24.8199996948242	0
24.8250007629395	0
24.8299999237061	13.7028980255127
24.8349990844727	0
24.8400001525879	0
24.8449993133545	0
24.8500003814697	0
24.8549995422363	0
24.8600006103516	13.7931680679321
24.8649997711182	0
24.8700008392334	0
24.875	14.2755527496338
24.8799991607666	13.7929363250732
24.8850002288818	0
24.8899993896484	0
24.8950004577637	0
24.8999996185303	0
24.9050006866455	0
24.9099998474121	14.3225526809692
24.9150009155273	0
24.9200000762939	13.7775726318359
24.9249992370605	0
24.9300003051758	0
24.9349994659424	0
24.9400005340576	0
24.9449996948242	0
24.9500007629395	18.3888778686523
24.9549999237061	0
24.9599990844727	13.8364334106445
24.9650001525879	0
24.9699993133545	0
24.9750003814697	0
24.9799995422363	0
24.9850006103516	0
24.9899997711182	0
24.9950008392334	0
25	0
25.0049991607666	0
25.0100002288818	0
25.0149993896484	0
25.0200004577637	0
25.0249996185303	0
25.0300006866455	0
25.0349998474121	0
25.0400009155273	0
25.0450000762939	4.7016487121582
25.0499992370605	18.868221282959
25.0550003051758	13.8049049377441
25.0599994659424	0
25.0650005340576	0
25.0699996948242	0
25.0750007629395	0
25.0799999237061	13.7344617843628
25.0849990844727	0
25.0900001525879	0
25.0949993133545	0
25.1000003814697	0
25.1049995422363	0
25.1100006103516	0
25.1149997711182	13.4952802658081
25.1200008392334	0
25.125	0
25.1299991607666	0
25.1350002288818	0
25.1399993896484	0
25.1450004577637	0
25.1499996185303	13.2577838897705
25.1550006866455	13.9980344772339
25.1599998474121	0
25.1650009155273	0
25.1700000762939	0
25.1749992370605	0
25.1800003051758	0
25.1849994659424	0
25.1900005340576	0
25.1949996948242	0
25.2000007629395	13.7966079711914
25.2049999237061	0
25.2099990844727	0
25.2150001525879	0
25.2199993133545	0
25.2250003814697	0
25.2299995422363	0
25.2350006103516	0
25.2399997711182	0
25.2450008392334	0
25.25	0
25.2549991607666	28.4287452697754
25.2600002288818	0
25.2649993896484	0
25.2700004577637	0
25.2749996185303	0
25.2800006866455	13.7538890838623
25.2849998474121	14.5099306106567
25.2900009155273	0
25.2950000762939	18.6487483978271
25.2999992370605	13.9977474212646
25.3050003051758	0
25.3099994659424	0
25.3150005340576	0
25.3199996948242	0
25.3250007629395	14.0259866714478
25.3299999237061	4.69649505615234
25.3349990844727	0
25.3400001525879	0
25.3449993133545	0
25.3500003814697	0
25.3549995422363	0
25.3600006103516	14.0335321426392
25.3649997711182	28.3767070770264
25.3700008392334	0
25.375	0
25.3799991607666	0
25.3850002288818	0
25.3899993896484	14.381534576416
25.3950004577637	28.0787410736084
25.3999996185303	0
25.4050006866455	0
25.4099998474121	4.67237567901611
25.4150009155273	0
25.4200000762939	14.1407775878906
25.4249992370605	0
25.4300003051758	14.0997476577759
25.4349994659424	0
25.4400005340576	0
25.4449996948242	0
25.4500007629395	0
25.4549999237061	0
25.4599990844727	0
25.4650001525879	13.5233306884766
25.4699993133545	0
25.4750003814697	0
25.4799995422363	0
25.4850006103516	0
25.4899997711182	0
25.4950008392334	14.0550498962402
25.5	28.9061489105225
25.5049991607666	0
25.5100002288818	0
25.5149993896484	0
25.5200004577637	0
25.5249996185303	14.3288421630859
25.5300006866455	14.0011072158813
25.5349998474121	0
25.5400009155273	0
25.5450000762939	14.0997476577759
25.5499992370605	0
25.5550003051758	0
25.5599994659424	0
25.5650005340576	0
25.5699996948242	0
25.5750007629395	0
25.5799999237061	0
25.5849990844727	0
25.5900001525879	0
25.5949993133545	0
25.6000003814697	0
25.6049995422363	0
25.6100006103516	0
25.6149997711182	0
25.6200008392334	0
25.625	0
25.6299991607666	0
25.6350002288818	0
25.6399993896484	0
25.6450004577637	4.4616527557373
25.6499996185303	4.65505218505859
25.6550006866455	0
25.6599998474121	0
25.6650009155273	13.5149908065796
25.6700000762939	27.993616104126
25.6749992370605	0
25.6800003051758	0
25.6849994659424	0
25.6900005340576	0
25.6949996948242	0
25.7000007629395	0
25.7049999237061	0
25.7099990844727	0
25.7150001525879	14.1847848892212
25.7199993133545	13.7723445892334
25.7250003814697	17.9832744598389
25.7299995422363	0
25.7350006103516	13.9512844085693
25.7399997711182	0
25.7450008392334	0
25.75	0
25.7549991607666	14.3742275238037
25.7600002288818	0
25.7649993896484	0
25.7700004577637	0
25.7749996185303	14.5374870300293
25.7800006866455	0
25.7849998474121	0
25.7900009155273	0
25.7950000762939	0
25.7999992370605	14.4532346725464
25.8050003051758	0
25.8099994659424	0
25.8150005340576	0
25.8199996948242	0
25.8250007629395	0
25.8299999237061	0
25.8349990844727	14.6237850189209
25.8400001525879	14.4801692962646
25.8449993133545	0
25.8500003814697	0
25.8549995422363	27.665599822998
25.8600006103516	0
25.8649997711182	0
25.8700008392334	0
25.875	0
25.8799991607666	0
25.8850002288818	0
25.8899993896484	0
25.8950004577637	0
25.8999996185303	0
25.9050006866455	18.156909942627
25.9099998474121	0
25.9150009155273	0
25.9200000762939	0
25.9249992370605	0
25.9300003051758	0
25.9349994659424	0
25.9400005340576	13.5194902420044
25.9449996948242	14.6440601348877
25.9500007629395	0
25.9549999237061	14.1190557479858
25.9599990844727	0
25.9650001525879	0
25.9699993133545	0
25.9750003814697	0
25.9799995422363	0
25.9850006103516	13.8956089019775
25.9899997711182	14.4737787246704
25.9950008392334	18.6803112030029
26	0
