0	8249941
0.00400000018998981	8325381
0.00800000037997961	8113584
0.0120000001043081	7713634
0.0160000007599592	7310993.5
0.0199999995529652	6795804.5
0.0240000002086163	6033225.5
0.0280000008642673	4898675.5
0.0320000015199184	3552570.75
0.0359999984502792	2284703.75
0.0399999991059303	1390212.625
0.0439999997615814	860963.75
0.0480000004172325	553708.75
0.0520000010728836	385148.875
0.0560000017285347	285542.59375
0.0599999986588955	235626.671875
0.0640000030398369	210829.703125
0.068000003695488	205385.625
0.0719999969005585	207449.34375
0.0759999975562096	212225.09375
0.0799999982118607	222487.1875
0.0839999988675117	228895.265625
0.0879999995231628	240227.109375
0.0920000001788139	248610.109375
0.096000000834465	257706.25
0.100000001490116	267203.25
0.104000002145767	276145.71875
0.108000002801418	286507.96875
0.112000003457069	294846.65625
0.11599999666214	305358.71875
0.119999997317791	314461.25
0.123999997973442	323202.03125
0.128000006079674	332418.75
0.131999999284744	342324.75
0.136000007390976	350534.125
0.140000000596046	360446.875
0.143999993801117	370627.71875
0.148000001907349	380668.5
0.151999995112419	389456.9375
0.156000003218651	399581.78125
0.159999996423721	408687.90625
0.164000004529953	416657.375
0.167999997735023	427144.3125
0.172000005841255	435279.84375
0.175999999046326	445565
0.180000007152557	452526.625
0.184000000357628	461129.125
0.187999993562698	471299.90625
0.19200000166893	481962.59375
0.195999994874001	489995.71875
0.200000002980232	499561.9375
0.203999996185303	507988.65625
0.208000004291534	516642.59375
0.211999997496605	525388.6875
0.216000005602837	533649.3125
0.219999998807907	541324.8125
0.224000006914139	550459.5625
0.228000000119209	559296.125
0.23199999332428	566948.5625
0.236000001430511	576567.75
0.239999994635582	583049.625
0.244000002741814	592229.5
0.247999995946884	599478.25
0.252000004053116	609120.25
0.256000012159348	617774.375
0.259999990463257	625102.5625
0.263999998569489	633174.625
0.26800000667572	640535.125
0.272000014781952	645781.875
0.275999993085861	653841.8125
0.280000001192093	662940.4375
0.284000009298325	668762.625
0.287999987602234	675754.8125
0.291999995708466	681689.5625
0.296000003814697	692738.75
0.300000011920929	697996.5625
0.303999990224838	706301.0625
0.30799999833107	711009.6875
0.312000006437302	720034.375
0.316000014543533	724852.625
0.319999992847443	734482.375
0.324000000953674	739480.375
0.328000009059906	746660
0.331999987363815	751889.3125
0.335999995470047	759278.3125
0.340000003576279	765542.9375
0.34400001168251	769109.0625
0.34799998998642	778577.1875
0.351999998092651	784104.0625
0.356000006198883	790938.625
0.360000014305115	796542.1875
0.363999992609024	801835.375
0.368000000715256	807141.125
0.372000008821487	813810.25
0.375999987125397	818080
0.379999995231628	825029.3125
0.38400000333786	828345.9375
0.388000011444092	833923.5625
0.391999989748001	838788
0.395999997854233	844547.9375
0.400000005960464	845462.1875
0.404000014066696	850246.375
0.407999992370605	858074.9375
0.412000000476837	858023.375
0.416000008583069	864412
0.419999986886978	867297.375
0.42399999499321	870943.75
0.428000003099442	874361.25
0.432000011205673	879800.8125
0.435999989509583	882177.625
0.439999997615814	885135.1875
0.444000005722046	887234.5625
0.448000013828278	889096.5625
0.451999992132187	893430
0.456000000238419	893139.375
0.46000000834465	896687.1875
0.46399998664856	896919.6875
0.467999994754791	897481.375
0.472000002861023	898974.375
0.476000010967255	902246.0625
0.479999989271164	901189.5
0.483999997377396	905684.0625
0.488000005483627	905395.75
0.492000013589859	902910
0.495999991893768	902663.5625
0.5	900805.8125
0.504000008106232	901184.875
0.508000016212463	895188.4375
0.512000024318695	893681.875
0.515999972820282	892178.3125
0.519999980926514	891899.25
0.523999989032745	884564.0625
0.527999997138977	882958.75
0.532000005245209	878920.625
0.53600001335144	876314.8125
0.540000021457672	870944.625
0.544000029563904	864081.75
0.547999978065491	855527.5
0.551999986171722	847386.4375
0.555999994277954	836703.875
0.560000002384186	829632.375
0.564000010490417	820975.5
0.568000018596649	806699.25
0.572000026702881	799128.0625
0.575999975204468	784426.375
0.579999983310699	770308.25
0.583999991416931	756452.6875
0.587999999523163	742636.8125
0.592000007629395	726456.25
0.596000015735626	708609.5
0.600000023841858	688951.75
0.603999972343445	668904
0.607999980449677	648195
0.611999988555908	622211.125
0.61599999666214	596057.4375
0.620000004768372	569560.5
0.624000012874603	540820.6875
0.628000020980835	510531.34375
0.632000029087067	480942.1875
0.635999977588654	448933.28125
0.639999985694885	418333.125
0.643999993801117	383214.3125
0.648000001907349	350382.46875
0.65200001001358	315522.5625
0.656000018119812	282426.96875
0.660000026226044	250116.140625
0.663999974727631	220814.96875
0.667999982833862	190250.53125
0.671999990940094	161809.890625
0.675999999046326	137122.859375
0.680000007152557	112660.625
0.684000015258789	93191.5859375
0.688000023365021	75081.7734375
0.691999971866608	60221.953125
0.695999979972839	47441.06640625
0.699999988079071	37746.37890625
0.703999996185303	28962.505859375
0.708000004291534	22923.708984375
0.712000012397766	18196.68359375
0.716000020503998	14484.0107421875
0.720000028610229	11981.6220703125
0.723999977111816	9697.0693359375
0.727999985218048	8167.57177734375
0.73199999332428	7235.703125
0.736000001430511	6260.83642578125
0.740000009536743	5363.09814453125
0.744000017642975	5016.59228515625
0.748000025749207	4618.46923828125
0.751999974250793	4340.9755859375
0.755999982357025	3833.740234375
0.759999990463257	3752.38891601563
0.763999998569489	3440.79296875
0.76800000667572	3102.57470703125
0.772000014781952	2845.13159179688
0.776000022888184	2689.083984375
0.779999971389771	2245.77075195313
0.783999979496002	1956.7763671875
0.787999987602234	1684.41723632813
0.791999995708466	1436.07141113281
0.796000003814697	1244.142578125
0.800000011920929	995.798645019531
0.804000020027161	1009.46533203125
0.808000028133392	874.423095703125
0.811999976634979	767.878662109375
0.815999984741211	754.240356445313
0.819999992847443	752.373413085938
0.824000000953674	820.681030273438
0.828000009059906	791.099731445313
0.832000017166138	722.072204589844
0.836000025272369	790.393615722656
0.839999973773956	777.714416503906
0.843999981880188	773.620910644531
0.84799998998642	794.688659667969
0.851999998092651	843.368225097656
0.856000006198883	760.719421386719
0.860000014305115	773.487365722656
0.864000022411346	783.591186523438
0.867999970912933	725.979797363281
0.871999979019165	741.622924804688
0.875999987125397	676.828063964844
0.879999995231628	634.312255859375
0.88400000333786	617.465698242188
0.888000011444092	569.824096679688
0.892000019550323	596.685668945313
0.896000027656555	498.016906738281
0.899999976158142	458.628448486328
0.903999984264374	455.934600830078
0.907999992370605	407.997528076172
0.912000000476837	398.901275634766
0.916000008583069	368.292297363281
0.920000016689301	404.033538818359
0.924000024795532	358.602783203125
0.927999973297119	359.830078125
0.931999981403351	378.787445068359
0.935999989509583	305.277618408203
0.939999997615814	352.664337158203
0.944000005722046	359.910949707031
0.948000013828278	365.836242675781
0.952000021934509	363.578460693359
0.955999970436096	411.791595458984
0.959999978542328	423.900451660156
0.96399998664856	416.9765625
0.967999994754791	455.432647705078
0.972000002861023	432.574310302734
0.976000010967255	452.484741210938
0.980000019073486	427.759613037109
0.984000027179718	439.251953125
0.987999975681305	435.429626464844
0.991999983787537	401.753967285156
0.995999991893768	349.482147216797
1	402.923706054688
1.00399994850159	330.604400634766
1.00800001621246	285.187530517578
1.01199996471405	279.4833984375
1.01600003242493	301.6787109375
1.01999998092651	234.445190429688
1.02400004863739	239.56901550293
1.02799999713898	202.281951904297
1.03199994564056	197.17268371582
1.03600001335144	201.077926635742
1.03999996185303	227.115020751953
1.0440000295639	275.129638671875
1.04799997806549	271.524261474609
1.05200004577637	289.205688476563
1.05599999427795	291.2216796875
1.05999994277954	276.391845703125
1.06400001049042	286.032287597656
1.067999958992	285.764312744141
1.07200002670288	372.632598876953
1.07599997520447	312.515075683594
1.08000004291534	352.03466796875
1.08399999141693	366.387573242188
1.08800005912781	313.321258544922
1.09200000762939	315.392028808594
1.09599995613098	299.452911376953
1.10000002384186	336.987396240234
1.10399997234344	272.804412841797
1.10800004005432	264.662048339844
1.11199998855591	233.328094482422
1.11600005626678	236.98908996582
1.12000000476837	195.972259521484
1.12399995326996	214.430389404297
1.12800002098083	198.491165161133
1.13199996948242	158.086990356445
1.1360000371933	152.768203735352
1.13999998569489	145.081726074219
1.14400005340576	169.448028564453
1.14800000190735	144.818054199219
1.15199995040894	165.984466552734
1.15600001811981	181.738159179688
1.1599999666214	167.263305664063
1.16400003433228	177.367736816406
1.16799998283386	186.881500244141
1.17200005054474	199.214691162109
1.17599999904633	200.462860107422
1.17999994754791	239.759185791016
1.18400001525879	231.199111938477
1.18799996376038	191.120483398438
1.19200003147125	195.515060424805
1.19599997997284	226.96354675293
1.20000004768372	209.641250610352
1.2039999961853	175.313079833984
1.20799994468689	189.000213623047
1.21200001239777	184.325744628906
1.21599996089935	159.215057373047
1.22000002861023	148.49365234375
1.22399997711182	146.896362304688
1.22800004482269	153.461624145508
1.23199999332428	129.080108642578
1.23599994182587	158.356506347656
1.24000000953674	162.697479248047
1.24399995803833	126.765937805176
1.24800002574921	139.48600769043
1.25199997425079	118.516860961914
1.25600004196167	109.064140319824
1.25999999046326	137.968811035156
1.26400005817413	150.04801940918
1.26800000667572	123.348747253418
1.27199995517731	161.967834472656
1.27600002288818	142.54443359375
1.27999997138977	172.509704589844
1.28400003910065	150.154510498047
1.28799998760223	128.903457641602
1.29200005531311	189.164001464844
1.2960000038147	162.038604736328
1.29999995231628	129.012298583984
1.30400002002716	161.905746459961
1.30799996852875	142.260391235352
1.31200003623962	185.013580322266
1.31599998474121	145.778930664063
1.32000005245209	141.022308349609
1.32400000095367	135.690322875977
1.32799994945526	130.510009765625
1.33200001716614	125.482582092285
1.33599996566772	148.097915649414
1.3400000333786	113.513320922852
1.34399998188019	126.906715393066
1.34800004959106	113.62378692627
1.35199999809265	117.01619720459
1.35599994659424	107.472175598145
1.36000001430511	95.1428070068359
1.3639999628067	107.336158752441
1.36800003051758	112.118721008301
1.37199997901917	99.7929153442383
1.37600004673004	115.465484619141
1.37999999523163	112.091102600098
1.38399994373322	137.239410400391
1.38800001144409	112.021194458008
1.39199995994568	101.986511230469
1.39600002765656	107.142234802246
1.39999997615814	105.161293029785
1.40400004386902	106.661560058594
1.40799999237061	111.915954589844
1.41199994087219	131.85075378418
1.41600000858307	116.351333618164
1.41999995708466	107.850784301758
1.42400002479553	114.426628112793
1.42799997329712	115.607032775879
1.432000041008	98.5855255126953
1.43599998950958	76.7079544067383
1.44000005722046	132.945129394531
1.44400000572205	100.827484130859
1.44799995422363	84.1577987670898
1.45200002193451	108.962265014648
1.4559999704361	75.4641418457031
1.46000003814697	87.6460800170898
1.46399998664856	76.9378814697266
1.46800005435944	99.3460922241211
1.47200000286102	106.712089538574
1.47599995136261	101.476699829102
1.48000001907349	87.3904418945313
1.48399996757507	97.0865631103516
1.48800003528595	63.689079284668
1.49199998378754	70.1423721313477
1.49600005149841	98.7932968139648
1.5	68.6805419921875
1.50399994850159	71.9027557373047
1.50800001621246	89.9100112915039
1.51199996471405	90.7883605957031
1.51600003242493	75.1357879638672
1.51999998092651	95.1832733154297
1.52400004863739	80.3986968994141
1.52799999713898	82.0015563964844
1.53199994564056	78.7144775390625
1.53600001335144	68.4583511352539
1.53999996185303	93.5082015991211
1.5440000295639	92.1463088989258
1.54799997806549	85.5159378051758
1.55200004577637	92.4562759399414
1.55599999427795	88.5640106201172
1.55999994277954	78.629638671875
1.56400001049042	59.8165435791016
1.567999958992	55.0237655639648
1.57200002670288	65.4154357910156
1.57599997520447	64.9866714477539
1.58000004291534	73.6152191162109
1.58399999141693	77.0945281982422
1.58800005912781	62.2109107971191
1.59200000762939	63.6364479064941
1.59599995613098	67.4508590698242
1.60000002384186	71.8108978271484
1.60399997234344	74.5733947753906
1.60800004005432	70.0431976318359
1.61199998855591	75.3742218017578
1.61600005626678	76.9949035644531
1.62000000476837	78.7268447875977
1.62399995326996	67.3776779174805
1.62800002098083	68.4469146728516
1.63199996948242	51.8569679260254
1.6360000371933	70.2769393920898
1.63999998569489	83.4604949951172
1.64400005340576	58.7308120727539
1.64800000190735	83.471321105957
1.65199995040894	41.3378829956055
1.65600001811981	65.5331420898438
1.6599999666214	65.8459396362305
1.66400003433228	60.2957649230957
1.66799998283386	55.1049423217773
1.67200005054474	58.9239501953125
1.67599999904633	52.0926704406738
1.67999994754791	61.9880561828613
1.68400001525879	53.5524063110352
1.68799996376038	64.1458740234375
1.69200003147125	55.1888084411621
1.69599997997284	49.8834915161133
1.70000004768372	45.0779991149902
1.7039999961853	61.6872901916504
1.70799994468689	62.1426849365234
1.71200001239777	51.9207344055176
1.71599996089935	67.1033325195313
1.72000002861023	43.6815185546875
1.72399997711182	55.1082344055176
1.72800004482269	41.6543197631836
1.73199999332428	45.4036445617676
1.73599994182587	40.137134552002
1.74000000953674	44.892765045166
1.74399995803833	50.2127151489258
1.74800002574921	35.0526695251465
1.75199997425079	43.3273048400879
1.75600004196167	51.877254486084
1.75999999046326	50.1211547851563
1.76400005817413	43.4331932067871
1.76800000667572	61.843822479248
1.77199995517731	46.9112739562988
1.77600002288818	36.762565612793
1.77999997138977	43.3333740234375
1.78400003910065	43.8255577087402
1.78799998760223	53.5792617797852
1.79200005531311	51.9617118835449
1.7960000038147	49.7981109619141
1.79999995231628	56.6383438110352
1.80400002002716	53.3749504089355
1.80799996852875	48.6190872192383
1.81200003623962	38.3287124633789
1.81599998474121	51.8729286193848
1.82000005245209	57.0298652648926
1.82400000095367	50.2189292907715
1.82799994945526	40.3482894897461
1.83200001716614	65.0038223266602
1.83599996566772	43.423168182373
1.8400000333786	43.4451637268066
1.84399998188019	36.7064895629883
1.84800004959106	30.5505084991455
1.85199999809265	41.7479705810547
1.85599994659424	63.6354141235352
1.86000001430511	35.470157623291
1.8639999628067	49.1792221069336
1.86800003051758	29.788366317749
1.87199997901917	43.4747047424316
1.87600004673004	31.6387329101563
1.87999999523163	44.8392028808594
1.88399994373322	43.0584487915039
1.88800001144409	41.3533706665039
1.89199995994568	38.2376556396484
1.89600002765656	38.1750679016113
1.89999997615814	31.881965637207
1.90400004386902	30.1482391357422
1.90799999237061	41.7835655212402
1.91199994087219	29.9745502471924
1.91600000858307	43.6784439086914
1.91999995708466	38.4084167480469
1.92400002479553	38.3235092163086
1.92799997329712	34.8877906799316
1.932000041008	35.0232124328613
1.93599998950958	38.353401184082
1.94000005722046	34.9742088317871
1.94400000572205	50.2401885986328
1.94799995422363	30.3297271728516
1.95200002193451	36.5947074890137
1.9559999704361	34.9947395324707
1.96000003814697	33.2744369506836
1.96399998664856	28.563159942627
1.96800005435944	53.7156181335449
1.97200000286102	35.2988815307617
1.97599995136261	30.2204837799072
1.98000001907349	28.5289192199707
1.98399996757507	43.4441223144531
1.98800003528595	38.5550651550293
1.99199998378754	21.6794052124023
1.99600005149841	25.009485244751
2	31.7372512817383
2.00399994850159	20.1363124847412
2.00799989700317	43.0927467346191
2.01200008392334	24.8009414672852
2.01600003242493	34.7514419555664
2.01999998092651	28.4261798858643
2.0239999294281	36.9920845031738
2.02800011634827	28.5336494445801
2.03200006484985	18.3438968658447
2.03600001335144	43.4496841430664
2.03999996185303	19.9632205963135
2.04399991035461	23.3702430725098
2.04800009727478	30.0304069519043
2.05200004577637	38.3731002807617
2.05599999427795	28.2113704681396
2.05999994277954	32.1537628173828
2.06399989128113	39.601863861084
2.06800007820129	43.4603233337402
2.07200002670288	28.6384391784668
2.07599997520447	16.5230236053467
2.07999992370605	16.7671794891357
2.08400011062622	19.9883728027344
2.08800005912781	33.9296875
2.09200000762939	26.8481864929199
2.09599995613098	31.629997253418
2.09999990463257	23.5751094818115
2.10400009155273	29.905876159668
2.10800004005432	33.5817375183105
2.11199998855591	26.8537101745605
2.1159999370575	19.9757175445557
2.11999988555908	23.3822364807129
2.12400007247925	18.5190162658691
2.12800002098083	26.92405128479
2.13199996948242	21.7657165527344
2.13599991798401	23.551342010498
2.14000010490417	28.5657348632813
2.14400005340576	31.6277465820313
2.14800000190735	34.9321517944336
2.15199995040894	31.9037780761719
2.15599989891052	20.0434379577637
2.16000008583069	30.1837501525879
2.16400003433228	18.1140003204346
2.16799998283386	16.6476650238037
2.17199993133545	19.793550491333
2.17600011825562	24.8856296539307
2.1800000667572	28.4801425933838
2.18400001525879	25.4486217498779
2.18799996376038	28.7096691131592
2.19199991226196	14.9811811447144
2.19600009918213	22.0099239349365
2.20000004768372	21.856294631958
2.2039999961853	18.4620513916016
2.20799994468689	26.7765808105469
2.21199989318848	16.5411987304688
2.21600008010864	24.8699703216553
2.22000002861023	31.5946636199951
2.22399997711182	28.4732494354248
2.2279999256134	26.7690372467041
2.23200011253357	36.9746513366699
2.23600006103516	21.8528575897217
2.24000000953674	23.5307960510254
2.24399995803833	25.2685775756836
2.24799990653992	26.6904964447021
2.25200009346008	11.6391334533691
2.25600004196167	27.0803775787354
2.25999999046326	14.8852634429932
2.26399993896484	31.6561088562012
2.26799988746643	36.5650863647461
2.2720000743866	15.0447435379028
2.27600002288818	21.7026710510254
2.27999997138977	29.989200592041
2.28399991989136	20.1580677032471
2.28800010681152	28.3552322387695
2.29200005531311	8.08765506744385
2.2960000038147	20.3017311096191
2.29999995231628	35.347339630127
2.30399990081787	25.0462398529053
2.30800008773804	30.4226970672607
2.31200003623962	12.9172029495239
2.31599998474121	18.4310493469238
2.3199999332428	19.9008636474609
2.32399988174438	9.9188289642334
2.32800006866455	15.14684009552
2.33200001716614	18.2765769958496
2.33599996566772	23.4181823730469
2.33999991416931	11.5926828384399
2.34400010108948	21.4646949768066
2.34800004959106	18.4017848968506
2.35199999809265	8.50979614257813
2.35599994659424	18.7135448455811
2.35999989509583	15.0226497650146
2.36400008201599	6.64219522476196
2.36800003051758	25.2766418457031
2.37199997901917	20.2548847198486
2.37599992752075	11.8109359741211
2.38000011444092	13.5594253540039
2.3840000629425	20.1243495941162
2.38800001144409	19.675012588501
2.39199995994568	25.2436866760254
2.39599990844727	10.1233253479004
2.40000009536743	10.1279926300049
2.40400004386902	15.0550012588501
2.40799999237061	15.4046869277954
2.41199994087219	28.7702980041504
2.41599988937378	11.7864713668823
2.42000007629395	26.9748058319092
2.42400002479553	8.38240337371826
2.42799997329712	21.6819248199463
2.43199992179871	14.9872941970825
2.43600010871887	14.895133972168
2.44000005722046	11.7613258361816
2.44400000572205	18.4330673217773
2.44799995422363	16.8768787384033
2.45199990272522	8.2757453918457
2.45600008964539	8.28816986083984
2.46000003814697	13.3117656707764
2.46399998664856	21.8735122680664
2.46799993515015	13.2394695281982
2.47199988365173	8.23806571960449
2.4760000705719	16.6536350250244
2.48000001907349	20.0084285736084
2.48399996757507	16.7174701690674
2.48799991607666	8.30786991119385
2.49200010299683	6.7824878692627
2.49600005149841	18.3876266479492
2.5	13.3064260482788
2.50399994850159	16.7309131622314
2.50799989700317	13.4469146728516
2.51200008392334	19.9635162353516
2.51600003242493	18.4910335540771
2.51999998092651	9.95082473754883
2.5239999294281	4.92788648605347
2.52800011634827	13.4677886962891
2.53200006484985	13.39710521698
2.53600001335144	13.1083946228027
2.53999996185303	10.0066843032837
2.54399991035461	18.4681911468506
2.54800009727478	18.4511451721191
2.55200004577637	11.8249797821045
2.55599999427795	10.2053718566895
2.55999994277954	18.1850719451904
2.56399989128113	8.39705657958984
2.56800007820129	6.65433597564697
2.57200002670288	13.3109188079834
2.57599997520447	20.1804866790771
2.57999992370605	9.92386245727539
2.58400011062622	20.1393070220947
2.58800005912781	13.4459733963013
2.59200000762939	13.3315706253052
2.59599995613098	11.7917165756226
2.59999990463257	6.70351123809814
2.60400009155273	8.3224630355835
2.60800004005432	13.2335596084595
2.61199998855591	8.37332725524902
2.6159999370575	3.3073296546936
2.61999988555908	10.2014198303223
2.62400007247925	9.95517158508301
2.62800002098083	8.30113792419434
2.63199996948242	20.1627674102783
2.63599991798401	13.2455615997314
2.64000010490417	20.0794563293457
2.64400005340576	11.5683784484863
2.64800000190735	5.17577791213989
2.65199995040894	15.1221323013306
2.65599989891052	10.1771192550659
2.66000008583069	11.6614103317261
2.66400003433228	3.33112573623657
2.66799998283386	1.65787839889526
2.67199993133545	6.54502964019775
2.67600011825562	8.17814064025879
2.6800000667572	13.1147747039795
2.68400001525879	11.9286909103394
2.68799996376038	10.1892852783203
2.69199991226196	4.99462175369263
2.69600009918213	13.2814674377441
2.70000004768372	9.95295524597168
2.7039999961853	11.6162414550781
2.70799994468689	9.90143013000488
2.71199989318848	4.95575332641602
2.71600008010864	9.85551452636719
2.72000002861023	9.95113849639893
2.72399997711182	1.62935292720795
2.7279999256134	6.65648412704468
2.73200011253357	15.0195217132568
2.73600006103516	6.61692523956299
2.74000000953674	5.05657339096069
2.74399995803833	9.934494972229
2.74799990653992	10.1784057617188
2.75200009346008	15.1496124267578
2.75600004196167	8.46992683410645
2.75999999046326	16.8391036987305
2.76399993896484	3.37317109107971
2.76799988746643	5.04478359222412
2.7720000743866	11.5320224761963
2.77600002288818	8.35032367706299
2.77999997138977	9.99393367767334
2.78399991989136	10.0461940765381
2.78800010681152	6.5787148475647
2.79200005531311	6.81866788864136
2.7960000038147	8.31780433654785
2.79999995231628	6.75575637817383
2.80399990081787	10.2047252655029
2.80800008773804	8.45536327362061
2.81200003623962	13.38267993927
2.81599998474121	13.4352521896362
2.8199999332428	3.31027936935425
2.82399988174438	11.7086238861084
2.82800006866455	15.0626354217529
2.83200001716614	8.44928741455078
2.83599996566772	10.0458450317383
2.83999991416931	16.6029853820801
2.84400010108948	13.3978700637817
2.84800004959106	8.31102180480957
2.85199999809265	10.0788135528564
2.85599994659424	1.67403340339661
2.85999989509583	14.9836111068726
2.86400008201599	14.9560832977295
2.86800003051758	3.2861499786377
2.87199997901917	3.36841988563538
2.87599992752075	8.29332637786865
2.88000011444092	8.29321670532227
2.8840000629425	8.37863159179688
2.88800001144409	11.7365007400513
2.89199995994568	4.96375513076782
2.89599990844727	14.9714279174805
2.90000009536743	3.29720568656921
2.90400004386902	18.3601818084717
2.90799999237061	8.21133136749268
2.91199994087219	6.71742916107178
2.91599988937378	6.71711540222168
2.92000007629395	5.06885766983032
2.92400002479553	15.0202560424805
2.92799997329712	11.5608263015747
2.93199992179871	10.1156044006348
2.93600010871887	10.1361532211304
2.94000005722046	4.99522829055786
2.94400000572205	4.98415803909302
2.94799995422363	11.8343629837036
2.95199990272522	18.316219329834
2.95600008964539	4.87381935119629
2.96000003814697	3.28125953674316
2.96399998664856	4.89248371124268
2.96799993515015	5.18932008743286
2.97199988365173	0
2.9760000705719	1.73322975635529
2.98000001907349	6.63851356506348
2.98399996757507	13.2209014892578
2.98799991607666	8.55794429779053
2.99200010299683	6.67162275314331
2.99600005149841	5.00006532669067
3	10.2469539642334
3.00399994850159	6.71116828918457
3.00799989700317	3.2725658416748
3.01200008392334	3.36177754402161
3.01600003242493	10.2980108261108
3.01999998092651	11.5881671905518
3.0239999294281	1.71892702579498
3.02800011634827	9.95941638946533
3.03200006484985	3.37868094444275
3.03600001335144	3.34322381019592
3.03999996185303	5.05267906188965
3.04399991035461	5.04188585281372
3.04800009727478	6.58300685882568
3.05200004577637	5.02868032455444
3.05599999427795	8.51691150665283
3.05999994277954	6.62856197357178
3.06399989128113	16.6113624572754
3.06800007820129	10.0289640426636
3.07200002670288	14.8767070770264
3.07599997520447	11.6946105957031
3.07999992370605	3.29061079025269
3.08400011062622	11.6491374969482
3.08800005912781	3.30810618400574
3.09200000762939	4.92261075973511
3.09599995613098	4.94918394088745
3.09999990463257	6.53604984283447
3.10400009155273	6.61534595489502
3.10800004005432	6.66829681396484
3.11199998855591	6.92911291122437
3.1159999370575	6.70375347137451
3.11999988555908	5.01637315750122
3.12400007247925	6.55384302139282
3.12800002098083	8.33659744262695
3.13199996948242	5.0296630859375
3.13599991798401	3.30038285255432
3.14000010490417	8.36784362792969
3.14400005340576	5.03659248352051
3.14800000190735	6.69582939147949
3.15199995040894	3.39678764343262
3.15599989891052	10.0516939163208
3.16000008583069	6.62485408782959
3.16400003433228	11.793872833252
3.16799998283386	6.71668910980225
3.17199993133545	10.0988359451294
3.17600011825562	6.65188121795654
3.1800000667572	3.38533711433411
3.18400001525879	8.52274990081787
3.18799996376038	4.87924957275391
3.19199991226196	3.3599681854248
3.19600009918213	3.43807339668274
3.20000004768372	8.38121700286865
3.2039999961853	3.2752001285553
3.20799994468689	1.61176812648773
3.21199989318848	8.2432918548584
3.21600008010864	4.99064588546753
3.22000002861023	8.35160064697266
3.22399997711182	4.99990892410278
3.2279999256134	4.96626472473145
3.23200011253357	1.69510400295258
3.23600006103516	3.37135124206543
3.24000000953674	8.5546236038208
3.24399995803833	8.30574226379395
3.24799990653992	11.6367807388306
3.25200009346008	3.48484325408936
3.25600004196167	1.78204262256622
3.25999999046326	5.12691974639893
3.26399993896484	6.64967918395996
3.26799988746643	5.00014638900757
3.2720000743866	6.78632497787476
3.27600002288818	6.71432018280029
3.27999997138977	1.62500536441803
3.28399991989136	1.59999656677246
3.28800010681152	5.0439190864563
3.29200005531311	8.32230663299561
3.2960000038147	9.97584438323975
3.29999995231628	1.59229958057404
3.30399990081787	4.98926401138306
3.30800008773804	3.43938779830933
3.31200003623962	3.35516762733459
3.31599998474121	6.60366058349609
3.3199999332428	6.66128253936768
3.32399988174438	3.39088678359985
3.32800006866455	1.65089344978333
3.33200001716614	6.75347232818604
3.33599996566772	8.25088214874268
3.33999991416931	4.95034122467041
3.34400010108948	10.1296234130859
3.34800004959106	4.9610161781311
3.35199999809265	3.43313026428223
3.35599994659424	5.01251554489136
3.35999989509583	1.64478540420532
3.36400008201599	11.7354602813721
3.36800003051758	3.34134745597839
3.37199997901917	1.64478540420532
3.37599992752075	8.31863594055176
3.38000011444092	8.3103723526001
3.3840000629425	6.73923873901367
3.38800001144409	5.01957035064697
3.39199995994568	10.0700273513794
3.39599990844727	3.3125524520874
3.40000009536743	6.86144924163818
3.40400004386902	1.73538827896118
3.40799999237061	3.39457869529724
3.41199994087219	8.22804355621338
3.41599988937378	1.72360754013062
3.42000007629395	6.76078796386719
3.42400002479553	17.0178527832031
3.42799997329712	0
3.43199992179871	8.36170959472656
3.43600010871887	3.41016697883606
3.44000005722046	6.72872161865234
3.44400000572205	3.50431632995605
3.44799995422363	3.33339524269104
3.45199990272522	1.63934373855591
3.45600008964539	3.44283533096313
3.46000003814697	3.3250560760498
3.46399998664856	8.32818222045898
3.46799993515015	6.7164421081543
3.47199988365173	1.59732973575592
3.4760000705719	1.70657241344452
3.48000001907349	4.98894071578979
3.48399996757507	3.27157163619995
3.48799991607666	6.50003528594971
3.49200010299683	5.05053853988647
3.49600005149841	3.31586170196533
3.5	1.75049304962158
3.50399994850159	5.0910120010376
3.50799989700317	0
3.51200008392334	0
3.51600003242493	1.66809141635895
3.51999998092651	1.65678834915161
3.5239999294281	3.33320569992065
3.52800011634827	3.33939242362976
3.53200006484985	1.65577864646912
3.53600001335144	3.28092408180237
3.53999996185303	0
3.54399991035461	0
3.54800009727478	3.21840214729309
3.55200004577637	1.64820659160614
3.55599999427795	5.05211210250854
3.55999994277954	6.64451026916504
3.56399989128113	0
3.56800007820129	0
3.57200002670288	5.04506587982178
3.57599997520447	3.25641703605652
3.57999992370605	5.04300975799561
3.58400011062622	1.72916352748871
3.58800005912781	1.71007239818573
3.59200000762939	8.3125114440918
3.59599995613098	1.63970768451691
3.59999990463257	4.94052314758301
3.60400009155273	6.64150142669678
3.60800004005432	1.66765213012695
3.61199998855591	1.64035701751709
3.6159999370575	5.02362394332886
3.61999988555908	6.58134651184082
3.62400007247925	1.63746690750122
3.62800002098083	3.38931131362915
3.63199996948242	4.95219659805298
3.63599991798401	11.7658824920654
3.64000010490417	1.64279723167419
3.64400005340576	1.73914611339569
3.64800000190735	1.70762097835541
3.65199995040894	3.30507707595825
3.65599989891052	3.33662033081055
3.66000008583069	3.37931942939758
3.66400003433228	5.07118797302246
3.66799998283386	1.70032775402069
3.67199993133545	3.30329895019531
3.67600011825562	6.55440664291382
3.6800000667572	4.96734809875488
3.68400001525879	9.95803642272949
3.68799996376038	5.02102279663086
3.69199991226196	6.93684720993042
3.69600009918213	1.65075826644897
3.70000004768372	1.71892607212067
3.7039999961853	1.63055765628815
3.70799994468689	5.13464736938477
3.71199989318848	0
3.71600008010864	1.67966461181641
3.72000002861023	3.44771194458008
3.72399997711182	3.27966499328613
3.7279999256134	0
3.73200011253357	0
3.73600006103516	5.10919284820557
3.74000000953674	5.30940723419189
3.74399995803833	0
3.74799990653992	5.06172847747803
3.75200009346008	3.40377521514893
3.75600004196167	3.39011311531067
3.75999999046326	8.29193878173828
3.76399993896484	3.31816077232361
3.76799988746643	1.65200901031494
3.7720000743866	0
3.77600002288818	6.77575826644897
3.77999997138977	1.64466547966003
3.78399991989136	0
3.78800010681152	1.69349884986877
3.79200005531311	4.94900989532471
3.7960000038147	5.16629934310913
3.79999995231628	1.67784368991852
3.80399990081787	5.01548147201538
3.80800008773804	3.28291249275208
3.81200003623962	3.2809202671051
3.81599998474121	3.38447737693787
3.8199999332428	3.32009482383728
3.82399988174438	6.69176578521729
3.82800006866455	5.04443502426147
3.83200001716614	4.92113304138184
3.83599996566772	4.86888027191162
3.83999991416931	4.98265027999878
3.84400010108948	5.05439186096191
3.84800004959106	1.64035701751709
3.85199999809265	0
3.85599994659424	0
3.85999989509583	3.31621122360229
3.86400008201599	1.62577450275421
3.86800003051758	1.71134805679321
3.87199997901917	5.20050287246704
3.87599992752075	0
3.88000011444092	1.71007239818573
3.8840000629425	8.42436122894287
3.88800001144409	0
3.89199995994568	3.33340239524841
3.89599990844727	3.35064816474915
3.90000009536743	1.7108336687088
3.90400004386902	3.36522936820984
3.90799999237061	0
3.91199994087219	3.3309154510498
3.91599988937378	0
3.92000007629395	6.83536624908447
3.92400002479553	5.10335826873779
3.92799997329712	6.73225164413452
3.93199992179871	1.64911842346191
3.93600010871887	3.24030995368958
3.94000005722046	1.64035701751709
3.94400000572205	5.08622694015503
3.94799995422363	1.59732973575592
3.95199990272522	1.6471244096756
3.95600008964539	1.71248435974121
3.96000003814697	0
3.96399998664856	11.5814237594604
3.96799993515015	0
3.97199988365173	1.66392195224762
3.9760000705719	0
3.98000001907349	0
3.98399996757507	0
3.98799991607666	3.41789484024048
3.99200010299683	3.36734485626221
3.99600005149841	0
4	1.73322975635529
4.00400018692017	1.69785559177399
4.00799989700317	0
4.01200008392334	3.37742614746094
4.01599979400635	0
4.01999998092651	1.72308886051178
4.02400016784668	3.28199481964111
4.02799987792969	5.02980804443359
4.03200006484985	3.34983158111572
4.03599977493286	13.4231443405151
4.03999996185303	1.63972115516663
4.04400014877319	0
4.0479998588562	6.67706823348999
4.05200004577637	1.7547128200531
4.05600023269653	0
4.05999994277954	0
4.06400012969971	1.74609386920929
4.06799983978271	1.61676156520844
4.07200002670288	3.31834149360657
4.07600021362305	1.63440084457397
4.07999992370605	1.6710764169693
4.08400011062622	1.66662418842316
4.08799982070923	1.65787839889526
4.09200000762939	1.63970768451691
4.09600019454956	5.0990047454834
4.09999990463257	3.32487988471985
4.10400009155273	1.69060528278351
4.10799980163574	1.65200901031494
4.11199998855591	1.6453310251236
4.11600017547607	0
4.11999988555908	3.35810303688049
4.12400007247925	6.71786642074585
4.12799978256226	0
4.13199996948242	1.60152781009674
4.13600015640259	0
4.1399998664856	3.3071231842041
4.14400005340576	0
4.14799976348877	1.64035701751709
4.15199995040894	3.38859033584595
4.1560001373291	0
4.15999984741211	8.40565586090088
4.16400003433228	0
4.16800022125244	1.63345503807068
4.17199993133545	3.43359303474426
4.17600011825562	1.72544419765472
4.17999982833862	0
4.18400001525879	3.24123549461365
4.18800020217896	1.65200901031494
4.19199991226196	3.32215476036072
4.19600009918213	0
4.19999980926514	5.16404342651367
4.2039999961853	1.69231712818146
4.20800018310547	3.45088958740234
4.21199989318848	0
4.21600008010864	4.94845628738403
4.21999979019165	0
4.22399997711182	3.3491575717926
4.22800016403198	1.65420985221863
4.23199987411499	1.59751272201538
4.23600006103516	0
4.23999977111816	3.4288387298584
4.24399995803833	0
4.2480001449585	0
4.2519998550415	1.70464777946472
4.25600004196167	6.67738676071167
4.26000022888184	1.75643050670624
4.26399993896484	1.65130209922791
4.26800012588501	1.72966146469116
4.27199983596802	1.61609816551208
4.27600002288818	3.43862652778625
4.28000020980835	1.60152781009674
4.28399991989136	3.26609683036804
4.28800010681152	0
4.29199981689453	1.6467798948288
4.2960000038147	3.30754733085632
4.30000019073486	3.30858421325684
4.30399990081787	0
4.30800008773804	3.26245784759521
4.31199979782104	1.71266579627991
4.31599998474121	0
4.32000017166138	4.93879222869873
4.32399988174438	1.64478540420532
4.32800006866455	1.76834428310394
4.33199977874756	0
4.33599996566772	3.27946543693542
4.34000015258789	1.69176065921783
4.3439998626709	1.66265404224396
4.34800004959106	1.65359818935394
4.35200023651123	0
4.35599994659424	0
4.3600001335144	0
4.36399984359741	5.13645267486572
4.36800003051758	3.27932405471802
4.37200021743774	1.7499908208847
4.37599992752075	3.32313394546509
4.38000011444092	3.42216658592224
4.38399982452393	1.6898101568222
4.38800001144409	0
4.39200019836426	0
4.39599990844727	0
4.40000009536743	3.36772608757019
4.40399980545044	6.65248394012451
4.40799999237061	1.59246683120728
4.41200017929077	0
4.41599988937378	5.14237594604492
4.42000007629395	3.36668729782104
4.42399978637695	0
4.42799997329712	0
4.43200016021729	1.68620979785919
4.43599987030029	5.11816215515137
4.44000005722046	1.70764589309692
4.44399976730347	1.62585747241974
4.44799995422363	1.65130209922791
4.4520001411438	1.75049304962158
4.45599985122681	0
4.46000003814697	0
4.46400022506714	1.67849659919739
4.46799993515015	1.62785792350769
4.47200012207031	0
4.47599983215332	0
4.48000001907349	0
4.48400020599365	1.65089344978333
4.48799991607666	1.63553893566132
4.49200010299683	0
4.49599981307983	0
4.5	1.66872763633728
4.50400018692017	3.34343433380127
4.50799989700317	0
4.51200008392334	1.6374796628952
4.51599979400635	3.23678851127625
4.51999998092651	0
4.52400016784668	1.62577450275421
4.52799987792969	3.34646654129028
4.53200006484985	0
4.53599977493286	0
4.53999996185303	3.30034589767456
4.54400014877319	3.34542393684387
4.5479998588562	1.67784368991852
4.55200004577637	1.65089344978333
4.55600023269653	1.65328204631805
4.55999994277954	1.74742615222931
4.56400012969971	1.64505386352539
4.56799983978271	0
4.57200002670288	1.62693238258362
4.57600021362305	5.0111403465271
4.57999992370605	1.63553893566132
4.58400011062622	0
4.58799982070923	0
4.59200000762939	3.22885251045227
4.59600019454956	0
4.59999990463257	3.343186378479
4.60400009155273	1.7241438627243
4.60799980163574	3.33727955818176
4.61199998855591	1.68910086154938
4.61600017547607	1.66662418842316
4.61999988555908	1.66265404224396
4.62400007247925	0
4.62799978256226	0
4.63199996948242	0
4.63600015640259	0
4.6399998664856	0
4.64400005340576	0
4.64799976348877	0
4.65199995040894	1.67772948741913
4.6560001373291	1.66290330886841
4.65999984741211	3.4954731464386
4.66400003433228	0
4.66800022125244	5.07380056381226
4.67199993133545	3.32884097099304
4.67600011825562	0
4.67999982833862	0
4.68400001525879	0
4.68800020217896	1.66290330886841
4.69199991226196	0
4.69600009918213	0
4.69999980926514	0
4.7039999961853	0
4.70800018310547	1.67068302631378
4.71199989318848	3.27891254425049
4.71600008010864	0
4.71999979019165	1.61616063117981
4.72399997711182	0
4.72800016403198	3.41225385665894
4.73199987411499	3.32775783538818
4.73600006103516	3.42693638801575
4.73999977111816	0
4.74399995803833	1.72534966468811
4.7480001449585	1.64546358585358
4.7519998550415	1.63970768451691
4.75600004196167	0
4.76000022888184	0
4.76399993896484	0
4.76800012588501	1.61657702922821
4.77199983596802	3.2798023223877
4.77600002288818	0
4.78000020980835	0
4.78399991989136	1.68740093708038
4.78800010681152	0
4.79199981689453	1.79242885112762
4.7960000038147	3.28156757354736
4.80000019073486	0
4.80399990081787	0
4.80800008773804	0
4.81199979782104	3.34204196929932
4.81599998474121	4.97002744674683
4.82000017166138	4.8845009803772
4.82399988174438	1.6799008846283
4.82800006866455	3.28655552864075
4.83199977874756	1.73218703269958
4.83599996566772	0
4.84000015258789	0
4.8439998626709	3.2702956199646
4.84800004959106	1.75049304962158
4.85200023651123	1.62693238258362
4.85599994659424	0
4.8600001335144	0
4.86399984359741	0
4.86800003051758	0
4.87200021743774	1.67421400547028
4.87599992752075	0
4.88000011444092	0
4.88399982452393	3.3451144695282
4.88800001144409	0
4.89200019836426	3.27724528312683
4.89599990844727	0
4.90000009536743	0
4.90399980545044	3.29807496070862
4.90799999237061	1.6940370798111
4.91200017929077	1.67424178123474
4.91599988937378	0
4.92000007629395	1.65532064437866
4.92399978637695	0
4.92799997329712	1.72308886051178
4.93200016021729	1.62635183334351
4.93599987030029	1.6751697063446
4.94000005722046	0
4.94399976730347	0
4.94799995422363	0
4.9520001411438	0
4.95599985122681	0
4.96000003814697	1.63972115516663
4.96400022506714	0
4.96799993515015	1.66505944728851
4.97200012207031	0
4.97599983215332	3.37856245040894
4.98000001907349	1.63746690750122
4.98400020599365	1.75472319126129
4.98799991607666	0
4.99200010299683	0
4.99599981307983	0
5	0
5.00400018692017	0
5.00799989700317	0
5.01200008392334	1.59163498878479
5.01599979400635	1.69618844985962
5.01999998092651	1.64820659160614
5.02400016784668	1.75643050670624
5.02799987792969	1.68320739269257
5.03200006484985	0
5.03599977493286	0
5.03999996185303	1.66999125480652
5.04400014877319	0
5.0479998588562	0
5.05200004577637	0
5.05600023269653	0
5.05999994277954	0
5.06400012969971	0
5.06799983978271	3.37492990493774
5.07200002670288	1.7233339548111
5.07600021362305	0
5.07999992370605	0
5.08400011062622	0
5.08799982070923	0
5.09200000762939	1.67424178123474
5.09600019454956	3.36429476737976
5.09999990463257	3.39638161659241
5.10400009155273	1.67068302631378
5.10799980163574	0
5.11199998855591	0
5.11600017547607	0
5.11999988555908	1.7003288269043
5.12400007247925	0
5.12799978256226	0
5.13199996948242	0
5.13600015640259	0
5.1399998664856	0
5.14400005340576	0
5.14799976348877	0
5.15199995040894	0
5.1560001373291	3.36358857154846
5.15999984741211	1.73850119113922
5.16400003433228	0
5.16800022125244	1.66698718070984
5.17199993133545	1.61616063117981
5.17600011825562	1.72360754013062
5.17999982833862	0
5.18400001525879	0
5.18800020217896	1.69510400295258
5.19199991226196	0
5.19600009918213	0
5.19999980926514	0
5.2039999961853	0
5.20800018310547	0
5.21199989318848	0
5.21600008010864	1.63011085987091
5.21999979019165	1.69785559177399
5.22399997711182	0
5.22800016403198	3.31621122360229
5.23199987411499	0
5.23600006103516	0
5.23999977111816	0
5.24399995803833	0
5.2480001449585	0
5.2519998550415	0
5.25600004196167	0
5.26000022888184	1.61609816551208
5.26399993896484	1.65740740299225
5.26800012588501	1.64035701751709
5.27199983596802	1.71701490879059
5.27600002288818	0
5.28000020980835	1.70762097835541
5.28399991989136	1.68464756011963
5.28800010681152	0
5.29199981689453	0
5.2960000038147	1.66690587997437
5.30000019073486	1.61616063117981
5.30399990081787	0
5.30800008773804	0
5.31199979782104	0
5.31599998474121	1.59246683120728
5.32000017166138	0
5.32399988174438	1.72423124313354
5.32800006866455	0
5.33199977874756	0
5.33599996566772	0
5.34000015258789	0
5.3439998626709	1.62585747241974
5.34800004959106	1.6836599111557
5.35200023651123	1.66999125480652
5.35599994659424	0
5.3600001335144	0
5.36399984359741	0
5.36800003051758	0
5.37200021743774	1.63345503807068
5.37599992752075	0
5.38000011444092	0
5.38399982452393	1.67997205257416
5.38800001144409	0
5.39200019836426	0
5.39599990844727	0
5.40000009536743	0
5.40399980545044	3.35792970657349
5.40799999237061	0
5.41200017929077	0
5.41599988937378	0
5.42000007629395	0
5.42399978637695	0
5.42799997329712	1.72794842720032
5.43200016021729	0
5.43599987030029	1.69302666187286
5.44000005722046	0
5.44399976730347	1.68476486206055
5.44799995422363	0
5.4520001411438	0
5.45599985122681	0
5.46000003814697	1.66662418842316
5.46400022506714	0
5.46799993515015	1.75228214263916
5.47200012207031	0
5.47599983215332	0
5.48000001907349	0
5.48400020599365	0
5.48799991607666	0
5.49200010299683	1.63055765628815
5.49599981307983	0
5.5	0
5.50400018692017	0
5.50799989700317	0
5.51200008392334	1.71538209915161
5.51599979400635	0
5.51999998092651	0
5.52400016784668	0
5.52799987792969	1.68320739269257
5.53200006484985	1.70026338100433
5.53599977493286	0
5.53999996185303	1.68533480167389
5.54400014877319	0
5.5479998588562	0
5.55200004577637	0
5.55600023269653	1.67403340339661
5.55999994277954	3.42212724685669
5.56400012969971	4.94839239120483
5.56799983978271	1.61676156520844
5.57200002670288	0
5.57600021362305	0
5.57999992370605	0
5.58400011062622	0
5.58799982070923	0
5.59200000762939	0
5.59600019454956	1.64729523658752
5.59999990463257	0
5.60400009155273	3.35484457015991
5.60799980163574	0
5.61199998855591	0
5.61600017547607	0
5.61999988555908	0
5.62400007247925	0
5.62799978256226	0
5.63199996948242	0
5.63600015640259	0
5.6399998664856	0
5.64400005340576	0
5.64799976348877	1.72817075252533
5.65199995040894	1.63679659366608
5.6560001373291	0
5.65999984741211	0
5.66400003433228	1.66872763633728
5.66800022125244	1.75049304962158
5.67199993133545	0
5.67600011825562	1.64556741714478
5.67999982833862	0
5.68400001525879	0
5.68800020217896	0
5.69199991226196	0
5.69600009918213	0
5.69999980926514	1.7003288269043
5.7039999961853	0
5.70800018310547	1.72534966468811
5.71199989318848	0
5.71600008010864	0
5.71999979019165	0
5.72399997711182	1.7100270986557
5.72800016403198	0
5.73199987411499	0
5.73600006103516	0
5.73999977111816	1.68101346492767
5.74399995803833	0
5.7480001449585	0
5.7519998550415	1.65250253677368
5.75600004196167	0
5.76000022888184	0
5.76399993896484	0
5.76800012588501	0
5.77199983596802	0
5.77600002288818	0
5.78000020980835	1.63934373855591
5.78399991989136	0
5.78800010681152	1.75049304962158
5.79199981689453	0
5.7960000038147	0
5.80000019073486	0
5.80399990081787	0
5.80800008773804	1.75228214263916
5.81199979782104	0
5.81599998474121	1.71922707557678
5.82000017166138	0
5.82399988174438	0
5.82800006866455	0
5.83199977874756	0
5.83599996566772	0
5.84000015258789	0
5.8439998626709	0
5.84800004959106	0
5.85200023651123	0
5.85599994659424	1.58950901031494
5.8600001335144	0
5.86399984359741	0
5.86800003051758	1.63972115516663
5.87200021743774	0
5.87599992752075	0
5.88000011444092	3.40387415885925
5.88399982452393	0
5.88800001144409	0
5.89200019836426	0
5.89599990844727	1.72423124313354
5.90000009536743	0
5.90399980545044	0
5.90799999237061	1.70762097835541
5.91200017929077	0
5.91599988937378	0
5.92000007629395	0
5.92399978637695	0
5.92799997329712	0
5.93200016021729	0
5.93599987030029	0
5.94000005722046	0
5.94399976730347	0
5.94799995422363	0
5.9520001411438	0
5.95599985122681	1.62785792350769
5.96000003814697	0
5.96400022506714	0
5.96799993515015	0
5.97200012207031	0
5.97599983215332	1.66839861869812
5.98000001907349	3.26102924346924
5.98400020599365	0
5.98799991607666	1.66457366943359
5.99200010299683	3.24369025230408
5.99599981307983	0
6	1.63440084457397
